,genCQ,expertCQ,cos_score
0,How can the constructs and variables used in empirical Requirements Engineering research be defined and operationalized?,What are the conceptual and operational definitions used for key constructs and variables in empirical research in SE and RE?,0.7495
1,How can the constructs and variables used in empirical Requirements Engineering research be defined and operationalized?,Do the authors use conceptual and operational definitions for key constructs and variables in empirical research in SE and RE?,0.7061
2,How can the constructs and variables used in empirical Requirements Engineering research be defined and operationalized?,How has the use of conceptual and operational definitions for key constructs and variables evolved over time in empirical research in SE and RE?,0.6929
3,What are the key variables studied in empirical Requirements Engineering research?,What are the conceptual and operational definitions used for key constructs and variables in empirical research in SE and RE?,0.6552
4,What are the best practices for conducting systematic reviews in empirical Requirements Engineering research?,"""What empirical methods are used to conduct integrative and interpretive (systematic literature) reviews, so-called secondary research?""",0.6459
5,Which empirical methods are recommended for synthesizing evidence in Requirements Engineering?,Which methods are used to synthesize evidence from data of different empirical methods?,0.6321
6,What are the best practices for conducting systematic reviews in empirical Requirements Engineering research?,"""How has the proportions of  empirical methods to conduct (systematic literature) reviews, so-called secondary research, evolved over time?""",0.6281
7,What are the criteria for selecting appropriate empirical methods for specific research questions in Requirements Engineering?,How do the authors justify the selection and combination of empirical methods and design elements?,0.6273
8,How can the use of empirical methods in Requirements Engineering research be improved?,How do the authors justify the selection and combination of empirical methods and design elements?,0.6206
9,How has the use of empirical methods in Requirements Engineering evolved over time?,How do the authors justify the selection and combination of empirical methods and design elements?,0.6166
10,What are the core empirical methods used in Requirements Engineering research?,How do the authors justify the selection and combination of empirical methods and design elements?,0.6052
11,What are the key variables studied in empirical Requirements Engineering research?,Do the authors use conceptual and operational definitions for key constructs and variables in empirical research in SE and RE?,0.6002
12,What are the primary research questions addressed by empirical methods in Requirements Engineering studies?,How do the authors justify the selection and combination of empirical methods and design elements?,0.5952
13,How can empirical research in Requirements Engineering address the needs of global software development teams?,How many empirical studies are by authors working for large software development companies?,0.5944
14,How has the use of empirical methods in Requirements Engineering evolved over time?,How has the number of empirical methods used per publication evolved over time?,0.5941
15,What are the primary research questions addressed by empirical methods in Requirements Engineering studies?,What are the conceptual and operational definitions used for key constructs and variables in empirical research in SE and RE?,0.5893
16,What is the role of empirical methods in advancing the state-of-the-art in Requirements Engineering?,How do the authors justify the selection and combination of empirical methods and design elements?,0.5840
17,How can empirical research in Requirements Engineering contribute to improving software development processes?,How many empirical studies are by authors working for large software development companies?,0.5820
18,What are the best practices for conducting systematic reviews in empirical Requirements Engineering research?,How many publications are analyzed in (systematic literature) reviews?,0.5810
19,How has the use of empirical methods in Requirements Engineering evolved over time?,How has the use of conceptual and operational definitions for key constructs and variables evolved over time in empirical research in SE and RE?,0.5805
20,How can the effectiveness of empirical methods in Requirements Engineering be assessed?,How do the authors justify the selection and combination of empirical methods and design elements?,0.5744
21,How do empirical studies in Requirements Engineering integrate quantitative and qualitative approaches?,What are the conceptual and operational definitions used for key constructs and variables in empirical research in SE and RE?,0.5744
22,How can the scope of empirical studies in Requirements Engineering be systematically defined and reported?,What are the conceptual and operational definitions used for key constructs and variables in empirical research in SE and RE?,0.5744
23,What are the criteria for selecting appropriate empirical methods for specific research questions in Requirements Engineering?,How often are which empirical methods used?,0.5739
24,What are the core empirical methods used in Requirements Engineering research?,What are the conceptual and operational definitions used for key constructs and variables in empirical research in SE and RE?,0.5728
25,What are the criteria for selecting appropriate empirical methods for specific research questions in Requirements Engineering?,How many different empirical methods are used per publication?,0.5709
26,What criteria are used to evaluate the quality of empirical studies in Requirements Engineering?,Do the authors use (a common set of empirically derived) criteria to assess the quality of individual studies?,0.5678
27,How has the use of empirical methods in Requirements Engineering evolved over time?,How often are which empirical methods used?,0.5678
28,How can empirical research contribute to the development of standardized practices in Requirements Engineering?,How has the use of conceptual and operational definitions for key constructs and variables evolved over time in empirical research in SE and RE?,0.5672
29,What are the trends in the methodological approaches used in empirical Requirements Engineering research?,What are the conceptual and operational definitions used for key constructs and variables in empirical research in SE and RE?,0.5665
30,What are the best practices for conducting systematic reviews in empirical Requirements Engineering research?,Have the authors done a systematic review of related work?,0.5652
31,What are the trends in the methodological approaches used in empirical Requirements Engineering research?,How do the authors justify the selection and combination of empirical methods and design elements?,0.5648
32,How can the use of empirical methods in Requirements Engineering research be improved?,What are the conceptual and operational definitions used for key constructs and variables in empirical research in SE and RE?,0.5644
33,What are the methods for triangulating data in empirical Requirements Engineering studies?,How has the use of triangulation for research design evolved over time?,0.5643
34,How can empirical methods guide the development of new SE technology in Requirements Engineering?,What are the conceptual and operational definitions used for key constructs and variables in empirical research in SE and RE?,0.5640
35,What are the standards for documenting and sharing empirical research data in Requirements Engineering?,What are the conceptual and operational definitions used for key constructs and variables in empirical research in SE and RE?,0.5640
36,What are the major challenges in applying empirical methods to Requirements Engineering research?,How do the authors justify the selection and combination of empirical methods and design elements?,0.5636
37,What are the best practices for conducting systematic reviews in empirical Requirements Engineering research?,"""How up-to-date (and relevant) are reported (systematic) reviews, so-called secondary research?""",0.5616
38,Which empirical methods are most commonly deployed in industry-academia collaborations in Requirements Engineering?,How do the authors justify the selection and combination of empirical methods and design elements?,0.5616
39,What are the methods for synthesizing empirical evidence from diverse study designs in Requirements Engineering?,How do the authors justify the selection and combination of empirical methods and design elements?,0.5615
40,What are the core empirical methods used in Requirements Engineering research?,How often are which empirical methods used?,0.5598
41,What are the criteria for selecting appropriate empirical methods for specific research questions in Requirements Engineering?,What are the conceptual and operational definitions used for key constructs and variables in empirical research in SE and RE?,0.5598
42,How can empirical research contribute to the development of standardized practices in Requirements Engineering?,What are the conceptual and operational definitions used for key constructs and variables in empirical research in SE and RE?,0.5598
43,How has the use of empirical methods in Requirements Engineering evolved over time?,How often are which empirical methods used over time?,0.5593
44,How can empirical methods be used to evaluate software requirements specifications?,How do the authors justify the selection and combination of empirical methods and design elements?,0.5577
45,How can empirical research address the socio-technical aspects of Requirements Engineering?,What are the conceptual and operational definitions used for key constructs and variables in empirical research in SE and RE?,0.5571
46,What are the trends in the methodological approaches used in empirical Requirements Engineering research?,How have the proportions of case studies and action research in the empirical methods used evolved over time?,0.5570
47,How do empirical studies in Requirements Engineering integrate quantitative and qualitative approaches?,Do the authors use conceptual and operational definitions for key constructs and variables in empirical research in SE and RE?,0.5562
48,What is the role of empirical methods in advancing the state-of-the-art in Requirements Engineering?,What are the conceptual and operational definitions used for key constructs and variables in empirical research in SE and RE?,0.5560
49,What are the key variables studied in empirical Requirements Engineering research?,How has the use of conceptual and operational definitions for key constructs and variables evolved over time in empirical research in SE and RE?,0.5554
50,How can the scope of empirical studies in Requirements Engineering be systematically defined and reported?,Do the authors use conceptual and operational definitions for key constructs and variables in empirical research in SE and RE?,0.5545
51,How has the use of empirical methods in Requirements Engineering evolved over time?,How have the proportions of case studies and action research in the empirical methods used evolved over time?,0.5534
52,What criteria are used to evaluate the quality of empirical studies in Requirements Engineering?,What are the conceptual and operational definitions used for key constructs and variables in empirical research in SE and RE?,0.5533
53,How can empirical research contribute to the development of standardized practices in Requirements Engineering?,Do the authors use conceptual and operational definitions for key constructs and variables in empirical research in SE and RE?,0.5515
54,What methods are used to ensure the reliability and validity of empirical data in Requirements Engineering research?,What are the conceptual and operational definitions used for key constructs and variables in empirical research in SE and RE?,0.5501
55,How has the use of empirical methods in Requirements Engineering evolved over time?,What are the conceptual and operational definitions used for key constructs and variables in empirical research in SE and RE?,0.5500
56,What criteria are used to evaluate the quality of empirical studies in Requirements Engineering?,How has the use of (a common set of empirically derived) criteria to assess the quality of individual studies evolved over time?,0.5489
57,What are the primary research questions addressed by empirical methods in Requirements Engineering studies?,Do the authors use conceptual and operational definitions for key constructs and variables in empirical research in SE and RE?,0.5484
58,What are the core empirical methods used in Requirements Engineering research?,How many different empirical methods are used per publication?,0.5481
59,How can the findings from empirical Requirements Engineering studies be synthesized and communicated to practitioners?,How do the authors justify the selection and combination of empirical methods and design elements?,0.5475
60,How can the findings from empirical Requirements Engineering studies be synthesized and communicated to practitioners?,What are the conceptual and operational definitions used for key constructs and variables in empirical research in SE and RE?,0.5470
61,What are the key success factors for empirical studies in Requirements Engineering?,How many empirical studies are by authors working for large software development companies?,0.5465
62,Which empirical methods are recommended for synthesizing evidence in Requirements Engineering?,How do the authors justify the selection and combination of empirical methods and design elements?,0.5455
63,What are the trends in the methodological approaches used in empirical Requirements Engineering research?,How has the use of conceptual and operational definitions for key constructs and variables evolved over time in empirical research in SE and RE?,0.5443
64,What are the methods for assessing the impact of empirical studies in Requirements Engineering on industry practices?,How many empirical studies are by authors working for large software development companies?,0.5429
65,How can empirical research address the socio-technical aspects of Requirements Engineering?,Do the authors use conceptual and operational definitions for key constructs and variables in empirical research in SE and RE?,0.5424
66,How can empirical data from multiple studies be effectively integrated in Requirements Engineering research?,How many empirical studies are by authors working for large software development companies?,0.5421
67,How can empirical studies support the validation and refinement of Requirements Engineering theories?,What are the conceptual and operational definitions used for key constructs and variables in empirical research in SE and RE?,0.5421
68,How can the use of empirical methods in Requirements Engineering research be improved?,Do the authors use conceptual and operational definitions for key constructs and variables in empirical research in SE and RE?,0.5420
69,What methods are used to ensure the reliability and validity of empirical data in Requirements Engineering research?,How do the authors justify the selection and combination of empirical methods and design elements?,0.5415
70,What are the trends in the methodological approaches used in empirical Requirements Engineering research?,Do the authors use conceptual and operational definitions for key constructs and variables in empirical research in SE and RE?,0.5403
71,"In what ways can empirical research methods be integrated into software engineering education, specifically for Requirements Engineering?",How many empirical studies are by authors working for large software development companies?,0.5395
72,What are the trends in the methodological approaches used in empirical Requirements Engineering research?,How has the number of empirical methods used per publication evolved over time?,0.5393
73,How has the use of empirical methods in Requirements Engineering evolved over time?,Do the authors use conceptual and operational definitions for key constructs and variables in empirical research in SE and RE?,0.5392
74,How can empirical methods guide the development of new SE technology in Requirements Engineering?,How has the use of conceptual and operational definitions for key constructs and variables evolved over time in empirical research in SE and RE?,0.5389
75,How can empirical studies support the validation and refinement of Requirements Engineering theories?,Do the authors use conceptual and operational definitions for key constructs and variables in empirical research in SE and RE?,0.5387
76,What criteria are used to evaluate the quality of empirical studies in Requirements Engineering?,How do the authors justify the selection and combination of empirical methods and design elements?,0.5384
77,How can empirical research in Requirements Engineering support the development of industry-relevant guidelines and checklists?,Do the authors synthesize and present the results as checklists or guidelines applicable for industrial users?,0.5378
78,How can the findings from empirical Requirements Engineering studies be synthesized and communicated to practitioners?,Do the authors use conceptual and operational definitions for key constructs and variables in empirical research in SE and RE?,0.5361
79,How can empirical research in Requirements Engineering contribute to theory building?,What are the conceptual and operational definitions used for key constructs and variables in empirical research in SE and RE?,0.5361
80,"In what ways can empirical research methods be integrated into software engineering education, specifically for Requirements Engineering?",How often are which empirical methods used?,0.5360
81,How can the effectiveness of empirical methods in Requirements Engineering be assessed?,What are the conceptual and operational definitions used for key constructs and variables in empirical research in SE and RE?,0.5358
82,What are the criteria for selecting appropriate empirical methods for specific research questions in Requirements Engineering?,Which methods are used to synthesize evidence from data of different empirical methods?,0.5351
83,What are the trends in the methodological approaches used in empirical Requirements Engineering research?,How often are which empirical methods used?,0.5348
84,How can empirical methods guide the development of new SE technology in Requirements Engineering?,Do the authors use conceptual and operational definitions for key constructs and variables in empirical research in SE and RE?,0.5337
85,What are the methods for synthesizing empirical evidence from diverse study designs in Requirements Engineering?,Which methods are used to synthesize evidence from data of different empirical methods?,0.5331
86,What are the best practices for conducting systematic reviews in empirical Requirements Engineering research?,"""Do the authors refer to and consistently use a basic terminology, descriptors, and keywords to identify and select primary studies for (systematic literature) reviews?""",0.5323
87,"In what ways can empirical research methods be integrated into software engineering education, specifically for Requirements Engineering?",What are the conceptual and operational definitions used for key constructs and variables in empirical research in SE and RE?,0.5322
88,Which empirical methods are most commonly deployed in industry-academia collaborations in Requirements Engineering?,What are the conceptual and operational definitions used for key constructs and variables in empirical research in SE and RE?,0.5304
89,What are the core empirical methods used in Requirements Engineering research?,Which methods are used to synthesize evidence from data of different empirical methods?,0.5301
90,What is the role of empirical methods in advancing the state-of-the-art in Requirements Engineering?,Do the authors use conceptual and operational definitions for key constructs and variables in empirical research in SE and RE?,0.5295
91,What are the methods for synthesizing empirical evidence from diverse study designs in Requirements Engineering?,How many empirical studies are by authors working for large software development companies?,0.5291
92,What are the primary research questions addressed by empirical methods in Requirements Engineering studies?,How many empirical studies are by authors working for large software development companies?,0.5289
93,How can the scope of empirical studies in Requirements Engineering be systematically defined and reported?,How has the use of conceptual and operational definitions for key constructs and variables evolved over time in empirical research in SE and RE?,0.5286
94,What are the criteria for assessing the credibility of empirical research findings in Requirements Engineering?,How has the use of (a common set of empirically derived) criteria to characterize the quality of secondary research and thus the overall strength of a body of evidence evolved over time?,0.5283
95,How can empirical findings in Requirements Engineering be translated into best practices?,What are the conceptual and operational definitions used for key constructs and variables in empirical research in SE and RE?,0.5282
96,"In what ways can empirical research methods be integrated into software engineering education, specifically for Requirements Engineering?","""What empirical methods are used to conduct integrative and interpretive (systematic literature) reviews, so-called secondary research?""",0.5282
97,Which empirical methods are most commonly deployed in industry-academia collaborations in Requirements Engineering?,How many empirical studies are by authors working for large software development companies?,0.5280
98,What are the primary research questions addressed by empirical methods in Requirements Engineering studies?,"""How have the proportions of experiments, secondary research (reviews), surveys, case studies, and action research in the empirical methods used evolved over time?""",0.5276
99,How can empirical research in Requirements Engineering support the development of industry-relevant guidelines and checklists?,"""Do the authors synthesize and present the results as checklists or guidelines applicable for industrial users, such as policy-makers, practitioners, and the general public?""",0.5273
100,How can empirical methods be used to evaluate the impact of new Requirements Engineering techniques?,How do the authors justify the selection and combination of empirical methods and design elements?,0.5272
101,How can empirical research in Requirements Engineering contribute to theory building?,Do the authors use conceptual and operational definitions for key constructs and variables in empirical research in SE and RE?,0.5270
102,How can the external validity of empirical studies in Requirements Engineering be enhanced?,What are the conceptual and operational definitions used for key constructs and variables in empirical research in SE and RE?,0.5269
103,How can empirical data from multiple studies be effectively integrated in Requirements Engineering research?,How have the proportions of case studies and action research in the empirical methods used evolved over time?,0.5261
104,What are the standards for documenting and sharing empirical research data in Requirements Engineering?,Do the authors use conceptual and operational definitions for key constructs and variables in empirical research in SE and RE?,0.5257
105,How can empirical research in Requirements Engineering contribute to theory building?,How has the use of conceptual and operational definitions for key constructs and variables evolved over time in empirical research in SE and RE?,0.5255
106,How do empirical studies in Requirements Engineering integrate quantitative and qualitative approaches?,How has the use of conceptual and operational definitions for key constructs and variables evolved over time in empirical research in SE and RE?,0.5255
107,"In what ways can empirical research methods be integrated into software engineering education, specifically for Requirements Engineering?",How do the authors justify the selection and combination of empirical methods and design elements?,0.5253
108,How can empirical research in Requirements Engineering support the development of new tools and technologies?,How many empirical studies are by authors working for large software development companies?,0.5253
109,How can empirical research support the development of more effective Requirements Elicitation techniques?,How do the authors justify the selection and combination of empirical methods and design elements?,0.5252
110,How can empirical research address the socio-technical aspects of Requirements Engineering?,How has the use of conceptual and operational definitions for key constructs and variables evolved over time in empirical research in SE and RE?,0.5249
111,What are the major challenges in applying empirical methods to Requirements Engineering research?,What are the conceptual and operational definitions used for key constructs and variables in empirical research in SE and RE?,0.5247
112,How can the use of empirical methods in Requirements Engineering research be improved?,How have the proportions of case studies and action research in the empirical methods used evolved over time?,0.5246
113,How can the reproducibility of empirical studies in Requirements Engineering be ensured?,How many empirical studies are by authors working for large software development companies?,0.5245
114,What are the core empirical methods used in Requirements Engineering research?,Do the authors use conceptual and operational definitions for key constructs and variables in empirical research in SE and RE?,0.5241
115,How can the external validity of empirical studies in Requirements Engineering be enhanced?,Do the authors use conceptual and operational definitions for key constructs and variables in empirical research in SE and RE?,0.5239
116,Which empirical methods are most commonly deployed in industry-academia collaborations in Requirements Engineering?,How many different empirical methods are used per publication?,0.5237
117,How can empirical methods be used to evaluate software requirements specifications?,How often are which empirical methods used?,0.5231
118,What are the primary research questions addressed by empirical methods in Requirements Engineering studies?,"""How has the proportions of  empirical methods to conduct (systematic literature) reviews, so-called secondary research, evolved over time?""",0.5231
119,Which empirical methods are most commonly deployed in industry-academia collaborations in Requirements Engineering?,How has the number of empirical methods used per publication evolved over time?,0.5226
120,How can the use of empirical methods in Requirements Engineering research be improved?,How many empirical studies are by authors working for large software development companies?,0.5225
121,How can the use of empirical methods in Requirements Engineering research be improved?,How often are which empirical methods used?,0.5218
122,What are the criteria for selecting appropriate empirical methods for specific research questions in Requirements Engineering?,"""How has the proportions of  empirical methods to conduct (systematic literature) reviews, so-called secondary research, evolved over time?""",0.5217
123,What are the common challenges encountered in conducting empirical case studies in Requirements Engineering?,How have the proportions of case studies and action research in the empirical methods used evolved over time?,0.5212
124,What are the criteria for selecting appropriate empirical methods for specific research questions in Requirements Engineering?,How has the number of empirical methods used per publication evolved over time?,0.5207
125,What are the methods for synthesizing empirical evidence from diverse study designs in Requirements Engineering?,How have the proportions of case studies and action research in the empirical methods used evolved over time?,0.5205
126,What methods are used to ensure the reliability and validity of empirical data in Requirements Engineering research?,Which methods are used to synthesize evidence from data of different empirical methods?,0.5200
127,How can empirical studies support the validation and refinement of Requirements Engineering theories?,How do the authors justify the selection and combination of empirical methods and design elements?,0.5199
128,Which empirical methods are most commonly deployed in industry-academia collaborations in Requirements Engineering?,How often are which empirical methods used?,0.5196
129,"In what ways can empirical research methods be integrated into software engineering education, specifically for Requirements Engineering?",How have the proportions of case studies and action research in the empirical methods used evolved over time?,0.5191
130,What are the criteria for assessing the credibility of empirical research findings in Requirements Engineering?,Do the authors use (a common set of empirically derived) criteria to characterize the quality of secondary research and thus the overall strength of a body of evidence?,0.5191
131,What are the common themes in the empirical literature on Requirements Engineering?,What are the conceptual and operational definitions used for key constructs and variables in empirical research in SE and RE?,0.5186
132,What are the methods for assessing the impact of empirical studies in Requirements Engineering on industry practices?,How have the proportions of case studies and action research in the empirical methods used evolved over time?,0.5183
133,"How can empirical methods in Requirements Engineering be adapted to address complex, real-world problems?",How do the authors justify the selection and combination of empirical methods and design elements?,0.5175
134,How can empirical studies support the validation and refinement of Requirements Engineering theories?,How has the use of conceptual and operational definitions for key constructs and variables evolved over time in empirical research in SE and RE?,0.5169
135,What are the methods for assessing the impact of empirical studies in Requirements Engineering on industry practices?,What are the conceptual and operational definitions used for key constructs and variables in empirical research in SE and RE?,0.5166
136,How can empirical research findings in Requirements Engineering be made more accessible to practitioners?,What are the conceptual and operational definitions used for key constructs and variables in empirical research in SE and RE?,0.5166
137,What are the guidelines for conducting high-quality empirical studies in Requirements Engineering?,What are the conceptual and operational definitions used for key constructs and variables in empirical research in SE and RE?,0.5165
138,What criteria are used to evaluate the quality of empirical studies in Requirements Engineering?,Do the authors use (a common set of empirically derived) criteria to characterize the quality of secondary research and thus the overall strength of a body of evidence?,0.5163
139,How can empirical methods be used to evaluate software requirements specifications?,What are the conceptual and operational definitions used for key constructs and variables in empirical research in SE and RE?,0.5162
140,How can the effectiveness of empirical methods in Requirements Engineering be assessed?,Do the authors use conceptual and operational definitions for key constructs and variables in empirical research in SE and RE?,0.5161
141,What are the primary research questions addressed by empirical methods in Requirements Engineering studies?,How often are which empirical methods used?,0.5159
142,What methods are used to ensure the reliability and validity of empirical data in Requirements Engineering research?,How often are which empirical methods used?,0.5157
143,What are the trends in the methodological approaches used in empirical Requirements Engineering research?,"""How has the proportions of  empirical methods to conduct (systematic literature) reviews, so-called secondary research, evolved over time?""",0.5156
144,How can the use of empirical methods in Requirements Engineering research be improved?,How has the use of conceptual and operational definitions for key constructs and variables evolved over time in empirical research in SE and RE?,0.5151
145,What are the criteria for selecting appropriate empirical methods for specific research questions in Requirements Engineering?,Do the authors use conceptual and operational definitions for key constructs and variables in empirical research in SE and RE?,0.5148
146,How can the effectiveness of empirical methods in Requirements Engineering be assessed?,How often are which empirical methods used?,0.5143
147,How can empirical data from multiple studies be effectively integrated in Requirements Engineering research?,Which sub-fields of SE and RE do the empirical studies cover over time?,0.5142
148,What are the primary research questions addressed by empirical methods in Requirements Engineering studies?,How have the proportions of case studies and action research in the empirical methods used evolved over time?,0.5141
149,What are the criteria for assessing the credibility of empirical research findings in Requirements Engineering?,"""How has the proportions of  empirical methods to conduct (systematic literature) reviews, so-called secondary research, evolved over time?""",0.5140
150,What are the key success factors for empirical studies in Requirements Engineering?,What are the conceptual and operational definitions used for key constructs and variables in empirical research in SE and RE?,0.5131
151,What criteria are used to evaluate the quality of empirical studies in Requirements Engineering?,Do the authors use conceptual and operational definitions for key constructs and variables in empirical research in SE and RE?,0.5129
152,What are the methods for triangulating data in empirical Requirements Engineering studies?,Which methods are used to synthesize evidence from data of different empirical methods?,0.5125
153,How can empirical research findings in Requirements Engineering be made more accessible to practitioners?,How has the use of conceptual and operational definitions for key constructs and variables evolved over time in empirical research in SE and RE?,0.5124
154,What are the criteria for selecting appropriate empirical methods for specific research questions in Requirements Engineering?,How often are which empirical methods used over time?,0.5124
155,How can empirical findings in Requirements Engineering be validated through multiple studies and contexts?,How many empirical studies are by authors working for large software development companies?,0.5123
156,What is the role of empirical methods in advancing the state-of-the-art in Requirements Engineering?,How has the use of conceptual and operational definitions for key constructs and variables evolved over time in empirical research in SE and RE?,0.5122
157,What criteria are used to evaluate the quality of empirical studies in Requirements Engineering?,How has the use of (a common set of empirically derived) criteria to characterize the quality of secondary research and thus the overall strength of a body of evidence evolved over time?,0.5121
158,How can the findings from empirical Requirements Engineering studies be synthesized and communicated to practitioners?,How has the use of conceptual and operational definitions for key constructs and variables evolved over time in empirical research in SE and RE?,0.5119
159,How can empirical research in Requirements Engineering support the development of industry-relevant guidelines and checklists?,What are the conceptual and operational definitions used for key constructs and variables in empirical research in SE and RE?,0.5112
160,What are the criteria for selecting appropriate empirical methods for specific research questions in Requirements Engineering?,"""How have the proportions of experiments, secondary research (reviews), surveys, case studies, and action research in the empirical methods used evolved over time?""",0.5112
161,How can empirical research in Requirements Engineering be used to inform policy-making in software engineering?,How many empirical studies are by authors working for large software development companies?,0.5112
162,What are the trends in the methodological approaches used in empirical Requirements Engineering research?,How often are which empirical methods used over time?,0.5111
163,What methods are used to ensure the reliability and validity of empirical data in Requirements Engineering research?,Do the authors use conceptual and operational definitions for key constructs and variables in empirical research in SE and RE?,0.5105
164,How can empirical methods be used to evaluate software requirements specifications?,How many different empirical methods are used per publication?,0.5105
165,What are the core empirical methods used in Requirements Engineering research?,How has the number of empirical methods used per publication evolved over time?,0.5102
166,Which empirical methods are most commonly deployed in industry-academia collaborations in Requirements Engineering?,Do the authors use conceptual and operational definitions for key constructs and variables in empirical research in SE and RE?,0.5101
167,What are the criteria for selecting appropriate empirical methods for specific research questions in Requirements Engineering?,"""What empirical methods are used to conduct integrative and interpretive (systematic literature) reviews, so-called secondary research?""",0.5100
168,How can empirical studies in Requirements Engineering be made more rigorous and impactful?,What are the conceptual and operational definitions used for key constructs and variables in empirical research in SE and RE?,0.5092
169,How can biases be minimized in empirical studies of Requirements Engineering?,How do the authors justify preventing bias in the study results?,0.5090
170,What are the criteria for assessing the credibility of empirical research findings in Requirements Engineering?,What are the conceptual and operational definitions used for key constructs and variables in empirical research in SE and RE?,0.5087
171,How can empirical data from multiple studies be effectively integrated in Requirements Engineering research?,How many different empirical methods are used per publication?,0.5082
172,How can empirical findings in Requirements Engineering be translated into best practices?,Do the authors use conceptual and operational definitions for key constructs and variables in empirical research in SE and RE?,0.5081
173,What are the trends in the methodological approaches used in empirical Requirements Engineering research?,How many different empirical methods are used per publication?,0.5080
174,What are the methods for synthesizing empirical evidence from diverse study designs in Requirements Engineering?,"""How has the proportions of  empirical methods to conduct (systematic literature) reviews, so-called secondary research, evolved over time?""",0.5079
175,How can empirical research in Requirements Engineering support the development of new tools and technologies?,What are the conceptual and operational definitions used for key constructs and variables in empirical research in SE and RE?,0.5079
176,What are the primary research questions addressed by empirical methods in Requirements Engineering studies?,How has the use of conceptual and operational definitions for key constructs and variables evolved over time in empirical research in SE and RE?,0.5073
177,How can empirical methods be used to evaluate the impact of new Requirements Engineering techniques?,What are the conceptual and operational definitions used for key constructs and variables in empirical research in SE and RE?,0.5072
178,How can empirical studies in Requirements Engineering be made more rigorous and impactful?,How do the authors justify the selection and combination of empirical methods and design elements?,0.5070
179,Which empirical methods are recommended for synthesizing evidence in Requirements Engineering?,How have the proportions of case studies and action research in the empirical methods used evolved over time?,0.5070
180,How can the relevance and impact of empirical studies in Requirements Engineering be increased?,What are the conceptual and operational definitions used for key constructs and variables in empirical research in SE and RE?,0.5063
181,How can the relevance and impact of empirical studies in Requirements Engineering be increased?,How many empirical studies are by authors working for large software development companies?,0.5062
182,How can empirical findings in Requirements Engineering be validated through multiple studies and contexts?,Do the authors report the selected context of their study with specific characteristics?,0.5062
183,How can the use of empirical methods in Requirements Engineering research be improved?,How has the number of empirical methods used per publication evolved over time?,0.5058
184,How can empirical research in Requirements Engineering be used to inform policy-making in software engineering?,What are the conceptual and operational definitions used for key constructs and variables in empirical research in SE and RE?,0.5057
185,"In what ways can empirical research methods be integrated into software engineering education, specifically for Requirements Engineering?",Which methods are used to synthesize evidence from data of different empirical methods?,0.5057
186,What are the guidelines for conducting high-quality empirical studies in Requirements Engineering?,How many empirical studies are by authors working for large software development companies?,0.5057
187,How can empirical data from multiple studies be effectively integrated in Requirements Engineering research?,"""How has the proportions of  empirical methods to conduct (systematic literature) reviews, so-called secondary research, evolved over time?""",0.5055
188,How can empirical research findings in Requirements Engineering be made more accessible to practitioners?,Do the authors use conceptual and operational definitions for key constructs and variables in empirical research in SE and RE?,0.5054
189,How can empirical methods be used to evaluate software requirements specifications?,How many empirical studies are by authors working for large software development companies?,0.5051
190,What are the core empirical methods used in Requirements Engineering research?,How many empirical studies are by authors working for large software development companies?,0.5045
191,What are the primary research questions addressed by empirical methods in Requirements Engineering studies?,Which sub-fields of SE and RE do the empirical studies cover over time?,0.5041
192,How can the use of empirical methods in Requirements Engineering research be improved?,How many different empirical methods are used per publication?,0.5036
193,How can empirical research findings in Requirements Engineering be made more accessible to practitioners?,How many empirical studies are by authors working for large software development companies?,0.5035
194,What are the common challenges encountered in conducting empirical case studies in Requirements Engineering?,How many empirical studies are by authors working for large software development companies?,0.5033
195,How can the scope of empirical studies in Requirements Engineering be systematically defined and reported?,How many empirical studies are by authors working for large software development companies?,0.5033
196,How has the use of empirical methods in Requirements Engineering evolved over time?,How many different empirical methods are used per publication?,0.5032
197,How can the findings from empirical Requirements Engineering studies be synthesized and communicated to practitioners?,How many empirical studies are by authors working for large software development companies?,0.5031
198,What are the methods for evaluating the reliability of empirical data in Requirements Engineering research?,What are the conceptual and operational definitions used for key constructs and variables in empirical research in SE and RE?,0.5028
199,What is the role of empirical methods in advancing the state-of-the-art in Requirements Engineering?,How often are which empirical methods used?,0.5024
200,How can the reproducibility of empirical studies in Requirements Engineering be ensured?,What are the conceptual and operational definitions used for key constructs and variables in empirical research in SE and RE?,0.5023
201,What are the best practices for reporting empirical research findings in Requirements Engineering?,How many empirical studies are by authors working for large software development companies?,0.5020
202,What are the core empirical methods used in Requirements Engineering research?,How have the proportions of case studies and action research in the empirical methods used evolved over time?,0.5020
203,What are the lessons learned from past empirical studies in Requirements Engineering?,How has the use of conceptual and operational definitions for key constructs and variables evolved over time in empirical research in SE and RE?,0.5019
204,What are the core empirical methods used in Requirements Engineering research?,How often are which empirical methods used over time?,0.5019
205,What are the criteria for selecting appropriate empirical methods for specific research questions in Requirements Engineering?,How have the proportions of case studies and action research in the empirical methods used evolved over time?,0.5019
206,Which empirical methods are most commonly deployed in industry-academia collaborations in Requirements Engineering?,How has the use of conceptual and operational definitions for key constructs and variables evolved over time in empirical research in SE and RE?,0.5018
207,"In what ways can empirical research methods be integrated into software engineering education, specifically for Requirements Engineering?","""How has the proportions of  empirical methods to conduct (systematic literature) reviews, so-called secondary research, evolved over time?""",0.5015
208,How can empirical findings in Requirements Engineering be validated through multiple studies and contexts?,How do the authors justify the selection and combination of empirical methods and design elements?,0.5014
209,"In what ways can empirical research methods be integrated into software engineering education, specifically for Requirements Engineering?",Do the authors use conceptual and operational definitions for key constructs and variables in empirical research in SE and RE?,0.5007
210,What are the standards for documenting and sharing empirical research data in Requirements Engineering?,How has the use of conceptual and operational definitions for key constructs and variables evolved over time in empirical research in SE and RE?,0.5000
211,What are the key variables studied in empirical Requirements Engineering research?,How do the authors justify the selection and combination of empirical methods and design elements?,0.5000
212,"How can empirical methods in Requirements Engineering be adapted to address complex, real-world problems?",What are the conceptual and operational definitions used for key constructs and variables in empirical research in SE and RE?,0.4997
213,What are the standards for documenting and sharing empirical research data in Requirements Engineering?,How many empirical studies are by authors working for large software development companies?,0.4995
214,What are the best practices for reporting empirical research findings in Requirements Engineering?,How has the reporting of research questions and answers evolved over time?,0.4994
215,How can empirical data from multiple studies be effectively integrated in Requirements Engineering research?,How do the authors justify the selection and combination of empirical methods and design elements?,0.4990
216,How can the constructs and variables used in empirical Requirements Engineering research be defined and operationalized?,How do the authors justify the selection and combination of empirical methods and design elements?,0.4988
217,How can empirical methods be used to study the effectiveness of Requirements Management practices?,What are the conceptual and operational definitions used for key constructs and variables in empirical research in SE and RE?,0.4985
218,How can empirical studies in Requirements Engineering be made more rigorous and impactful?,How has the use of conceptual and operational definitions for key constructs and variables evolved over time in empirical research in SE and RE?,0.4981
219,What are the future directions for empirical research in Requirements Engineering?,What are the conceptual and operational definitions used for key constructs and variables in empirical research in SE and RE?,0.4977
220,What are the methods for evaluating the reliability of empirical data in Requirements Engineering research?,How often are which empirical methods used?,0.4976
221,How can empirical findings in Requirements Engineering be translated into best practices?,How has the use of conceptual and operational definitions for key constructs and variables evolved over time in empirical research in SE and RE?,0.4969
222,What are the methods for synthesizing empirical evidence from diverse study designs in Requirements Engineering?,"""How have the proportions of experiments, secondary research (reviews), surveys, case studies, and action research in the empirical methods used evolved over time?""",0.4965
223,How can empirical research in Requirements Engineering address the needs of global software development teams?,How has the proportion of studies by authors working for large software development companies evolved over time?,0.4964
224,How can empirical data from multiple studies be effectively integrated in Requirements Engineering research?,What are the conceptual and operational definitions used for key constructs and variables in empirical research in SE and RE?,0.4959
225,What are the primary research questions addressed by empirical methods in Requirements Engineering studies?,"""What empirical methods are used to conduct integrative and interpretive (systematic literature) reviews, so-called secondary research?""",0.4956
226,How can empirical data from multiple studies be effectively integrated in Requirements Engineering research?,How has the use of (a common set of empirically derived) criteria to assess the quality of individual studies evolved over time?,0.4954
227,Which empirical methods are most commonly deployed in industry-academia collaborations in Requirements Engineering?,How have the proportions of case studies and action research in the empirical methods used evolved over time?,0.4954
228,How can empirical data from multiple studies be effectively integrated in Requirements Engineering research?,"""What empirical methods are used to conduct integrative and interpretive (systematic literature) reviews, so-called secondary research?""",0.4952
229,What criteria are used to evaluate the quality of empirical studies in Requirements Engineering?,How many empirical studies are by authors working for large software development companies?,0.4951
230,What methods are used to ensure the reliability and validity of empirical data in Requirements Engineering research?,How many different empirical methods are used per publication?,0.4950
231,How can empirical research in Requirements Engineering contribute to improving software development processes?,How have the proportions of case studies and action research in the empirical methods used evolved over time?,0.4949
232,What are the lessons learned from past empirical studies in Requirements Engineering?,How many empirical studies are by authors working for large software development companies?,0.4945
233,How can empirical studies in Requirements Engineering better address the needs of diverse stakeholders?,How many empirical studies are by authors working for large software development companies?,0.4943
234,How can empirical research in Requirements Engineering benefit from interdisciplinary approaches?,How do the authors justify the selection and combination of empirical methods and design elements?,0.4943
235,How has the use of empirical methods in Requirements Engineering evolved over time?,"""How has the proportions of  empirical methods to conduct (systematic literature) reviews, so-called secondary research, evolved over time?""",0.4942
236,How can the relevance and impact of empirical studies in Requirements Engineering be increased?,Do the authors use conceptual and operational definitions for key constructs and variables in empirical research in SE and RE?,0.4938
237,How can empirical studies in Requirements Engineering be made more rigorous and impactful?,How many empirical studies are by authors working for large software development companies?,0.4935
238,How can the use of empirical methods in Requirements Engineering research be improved?,"""How has the proportions of  empirical methods to conduct (systematic literature) reviews, so-called secondary research, evolved over time?""",0.4931
239,What are the common themes in the empirical literature on Requirements Engineering?,Do the authors use conceptual and operational definitions for key constructs and variables in empirical research in SE and RE?,0.4930
240,Which empirical methods are recommended for synthesizing evidence in Requirements Engineering?,What are the conceptual and operational definitions used for key constructs and variables in empirical research in SE and RE?,0.4929
241,What are the best practices for reporting empirical research findings in Requirements Engineering?,"""How has the proportions of  empirical methods to conduct (systematic literature) reviews, so-called secondary research, evolved over time?""",0.4927
242,What are the major challenges in applying empirical methods to Requirements Engineering research?,How many empirical studies are by authors working for large software development companies?,0.4927
243,How can empirical methods be used to evaluate software requirements specifications?,Which methods are used to synthesize evidence from data of different empirical methods?,0.4927
244,What are the methods for assessing the impact of empirical studies in Requirements Engineering on industry practices?,Do the authors use conceptual and operational definitions for key constructs and variables in empirical research in SE and RE?,0.4922
245,"In what ways can empirical research methods be integrated into software engineering education, specifically for Requirements Engineering?",How often are which empirical methods used over time?,0.4920
246,Which empirical methods are recommended for synthesizing evidence in Requirements Engineering?,How has the use of (a common set of empirically derived) criteria to characterize the quality of secondary research and thus the overall strength of a body of evidence evolved over time?,0.4919
247,What are the trends in the methodological approaches used in empirical Requirements Engineering research?,How many empirical studies are by authors working for large software development companies?,0.4918
248,What are the trends in the methodological approaches used in empirical Requirements Engineering research?,"""What empirical methods are used to conduct integrative and interpretive (systematic literature) reviews, so-called secondary research?""",0.4918
249,How can the relevance and impact of empirical studies in Requirements Engineering be increased?,How has the use of conceptual and operational definitions for key constructs and variables evolved over time in empirical research in SE and RE?,0.4915
250,How can empirical research in Requirements Engineering contribute to improving software development processes?,How has the proportion of studies by authors working for large software development companies evolved over time?,0.4915
251,How can empirical findings in Requirements Engineering be validated through multiple studies and contexts?,What are the conceptual and operational definitions used for key constructs and variables in empirical research in SE and RE?,0.4914
252,How has the use of empirical methods in Requirements Engineering evolved over time?,How many empirical studies are by authors working for large software development companies?,0.4911
253,What are the best practices for reporting empirical research findings in Requirements Engineering?,What are the conceptual and operational definitions used for key constructs and variables in empirical research in SE and RE?,0.4910
254,"In what ways can empirical research methods be integrated into software engineering education, specifically for Requirements Engineering?",How has the number of empirical methods used per publication evolved over time?,0.4910
255,What are the criteria for assessing the credibility of empirical research findings in Requirements Engineering?,How do the authors justify the selection and combination of empirical methods and design elements?,0.4910
256,What are the methods for evaluating the reliability of empirical data in Requirements Engineering research?,How do the authors justify the selection and combination of empirical methods and design elements?,0.4909
257,How can empirical research in Requirements Engineering support the development of new tools and technologies?,Do the authors use conceptual and operational definitions for key constructs and variables in empirical research in SE and RE?,0.4908
258,How can empirical research in Requirements Engineering support the development of new tools and technologies?,How has the use of conceptual and operational definitions for key constructs and variables evolved over time in empirical research in SE and RE?,0.4908
259,How can the external validity of empirical studies in Requirements Engineering be enhanced?,How has the use of conceptual and operational definitions for key constructs and variables evolved over time in empirical research in SE and RE?,0.4908
260,How can empirical data from multiple studies be effectively integrated in Requirements Engineering research?,Which methods are used to synthesize evidence from data of different empirical methods?,0.4907
261,How can empirical research in Requirements Engineering contribute to theory building?,How do the authors justify the selection and combination of empirical methods and design elements?,0.4905
262,What methods are used to ensure the reliability and validity of empirical data in Requirements Engineering research?,How many empirical studies are by authors working for large software development companies?,0.4901
263,What are the core empirical methods used in Requirements Engineering research?,How has the use of conceptual and operational definitions for key constructs and variables evolved over time in empirical research in SE and RE?,0.4895
264,What are the implications of empirical research for the future of Requirements Engineering as a discipline?,What are the conceptual and operational definitions used for key constructs and variables in empirical research in SE and RE?,0.4892
265,How can empirical research support the development of more effective Requirements Elicitation techniques?,What are the conceptual and operational definitions used for key constructs and variables in empirical research in SE and RE?,0.4892
266,How can the external validity of empirical studies in Requirements Engineering be enhanced?,How do the authors justify the selection and combination of empirical methods and design elements?,0.4886
267,Which empirical methods are recommended for synthesizing evidence in Requirements Engineering?,"""How has the proportions of  empirical methods to conduct (systematic literature) reviews, so-called secondary research, evolved over time?""",0.4882
268,How can empirical research in Requirements Engineering support the development of industry-relevant guidelines and checklists?,How has the use of conceptual and operational definitions for key constructs and variables evolved over time in empirical research in SE and RE?,0.4880
269,What are the common themes in the empirical literature on Requirements Engineering?,How has the use of conceptual and operational definitions for key constructs and variables evolved over time in empirical research in SE and RE?,0.4877
270,What are the primary research questions addressed by empirical methods in Requirements Engineering studies?,How many different empirical methods are used per publication?,0.4876
271,How can the reproducibility of empirical studies in Requirements Engineering be ensured?,How do the authors justify the selection and combination of empirical methods and design elements?,0.4875
272,How can empirical research in Requirements Engineering support the development of industry-relevant guidelines and checklists?,Do the authors use conceptual and operational definitions for key constructs and variables in empirical research in SE and RE?,0.4872
273,How can empirical research in Requirements Engineering contribute to theory building?,How many empirical studies are by authors working for large software development companies?,0.4872
274,What are the methods for evaluating the reliability of empirical data in Requirements Engineering research?,Which methods are used to synthesize evidence from data of different empirical methods?,0.4871
275,Which empirical methods are recommended for synthesizing evidence in Requirements Engineering?,How many empirical studies are by authors working for large software development companies?,0.4871
276,How can empirical studies in Requirements Engineering be made more rigorous and impactful?,Do the authors use conceptual and operational definitions for key constructs and variables in empirical research in SE and RE?,0.4861
277,How can empirical studies in Requirements Engineering better address the needs of diverse stakeholders?,Do the authors use conceptual and operational definitions for key constructs and variables in empirical research in SE and RE?,0.4858
278,What are the major challenges in applying empirical methods to Requirements Engineering research?,Do the authors use conceptual and operational definitions for key constructs and variables in empirical research in SE and RE?,0.4858
279,What are the standards for documenting and sharing empirical research data in Requirements Engineering?,"""What empirical methods are used to conduct integrative and interpretive (systematic literature) reviews, so-called secondary research?""",0.4850
280,How can empirical findings in Requirements Engineering be validated through multiple studies and contexts?,Do the authors use conceptual and operational definitions for key constructs and variables in empirical research in SE and RE?,0.4850
281,What are the best practices for conducting systematic reviews in empirical Requirements Engineering research?,Which digital libraries with publications from SE and RE and related disciplines do authors use for (systematic literature) reviews?,0.4847
282,How can empirical methods be used to study the effectiveness of Requirements Management practices?,How many empirical studies are by authors working for large software development companies?,0.4846
283,How can empirical research in Requirements Engineering benefit from interdisciplinary approaches?,What are the conceptual and operational definitions used for key constructs and variables in empirical research in SE and RE?,0.4846
284,What are the trends in the methodological approaches used in empirical Requirements Engineering research?,"""How have the proportions of experiments, secondary research (reviews), surveys, case studies, and action research in the empirical methods used evolved over time?""",0.4844
285,How can the use of empirical methods in Requirements Engineering research be improved?,Which methods are used to synthesize evidence from data of different empirical methods?,0.4844
286,Which empirical methods are most commonly deployed in industry-academia collaborations in Requirements Engineering?,Which methods are used to synthesize evidence from data of different empirical methods?,0.4837
287,What are the major challenges in applying empirical methods to Requirements Engineering research?,How have the proportions of case studies and action research in the empirical methods used evolved over time?,0.4833
288,Which empirical methods are recommended for synthesizing evidence in Requirements Engineering?,How often are which empirical methods used?,0.4828
289,How can empirical research findings in Requirements Engineering be made more accessible to practitioners?,How do the authors justify the selection and combination of empirical methods and design elements?,0.4822
290,What are the best practices for reporting empirical research findings in Requirements Engineering?,"""What empirical methods are used to conduct integrative and interpretive (systematic literature) reviews, so-called secondary research?""",0.4822
291,How can the effectiveness of empirical methods in Requirements Engineering be assessed?,How has the use of conceptual and operational definitions for key constructs and variables evolved over time in empirical research in SE and RE?,0.4820
292,What are the criteria for assessing the credibility of empirical research findings in Requirements Engineering?,Do the authors use conceptual and operational definitions for key constructs and variables in empirical research in SE and RE?,0.4819
293,How can empirical methods guide the development of new SE technology in Requirements Engineering?,How do the authors justify the selection and combination of empirical methods and design elements?,0.4818
294,What are the methods for triangulating data in empirical Requirements Engineering studies?,What are the conceptual and operational definitions used for key constructs and variables in empirical research in SE and RE?,0.4818
295,How can the external validity of empirical studies in Requirements Engineering be enhanced?,"""How has the proportions of  empirical methods to conduct (systematic literature) reviews, so-called secondary research, evolved over time?""",0.4813
296,How can empirical research in Requirements Engineering contribute to improving software development processes?,What are the conceptual and operational definitions used for key constructs and variables in empirical research in SE and RE?,0.4811
297,What are the major challenges in applying empirical methods to Requirements Engineering research?,How often are which empirical methods used?,0.4811
298,What are the guidelines for conducting high-quality empirical studies in Requirements Engineering?,Do the authors use conceptual and operational definitions for key constructs and variables in empirical research in SE and RE?,0.4811
299,How can empirical methods be used to evaluate the impact of new Requirements Engineering techniques?,Do the authors use conceptual and operational definitions for key constructs and variables in empirical research in SE and RE?,0.4811
300,What are the methods for ensuring the transparency and reproducibility of empirical research in Requirements Engineering?,"""How has the proportions of  empirical methods to conduct (systematic literature) reviews, so-called secondary research, evolved over time?""",0.4810
301,How can the external validity of empirical studies in Requirements Engineering be enhanced?,How many empirical studies are by authors working for large software development companies?,0.4809
302,What are the criteria for selecting appropriate empirical methods for specific research questions in Requirements Engineering?,How many empirical studies are by authors working for large software development companies?,0.4806
303,How can empirical findings in Requirements Engineering be validated through multiple studies and contexts?,"""How has the proportions of  empirical methods to conduct (systematic literature) reviews, so-called secondary research, evolved over time?""",0.4803
304,How can the reproducibility of empirical studies in Requirements Engineering be ensured?,"""How has the proportions of  empirical methods to conduct (systematic literature) reviews, so-called secondary research, evolved over time?""",0.4802
305,How can empirical studies in Requirements Engineering better address the needs of diverse stakeholders?,What are the conceptual and operational definitions used for key constructs and variables in empirical research in SE and RE?,0.4801
306,Which empirical methods are most commonly deployed in industry-academia collaborations in Requirements Engineering?,How often are which empirical methods used over time?,0.4799
307,What methods are used to ensure the reliability and validity of empirical data in Requirements Engineering research?,How has the use of (a common set of empirically derived) criteria to assess the quality of individual studies evolved over time?,0.4797
308,"In what ways can empirical research methods be integrated into software engineering education, specifically for Requirements Engineering?",How many different empirical methods are used per publication?,0.4797
309,What are the methods for ensuring the transparency and reproducibility of empirical research in Requirements Engineering?,How many empirical studies are by authors working for large software development companies?,0.4797
310,How can empirical research address the socio-technical aspects of Requirements Engineering?,How do the authors justify the selection and combination of empirical methods and design elements?,0.4795
311,What are the criteria for selecting appropriate empirical methods for specific research questions in Requirements Engineering?,Which sub-fields of SE and RE do the empirical studies cover over time?,0.4794
312,What are the methods for evaluating the reliability of empirical data in Requirements Engineering research?,How many different empirical methods are used per publication?,0.4791
313,How can empirical methods be used to evaluate the impact of new Requirements Engineering techniques?,How has the use of conceptual and operational definitions for key constructs and variables evolved over time in empirical research in SE and RE?,0.4791
314,How can empirical findings in Requirements Engineering be translated into best practices?,How do the authors justify the selection and combination of empirical methods and design elements?,0.4791
315,What are the key success factors for empirical studies in Requirements Engineering?,How do the authors justify the selection and combination of empirical methods and design elements?,0.4789
316,What are the methods for assessing the impact of empirical studies in Requirements Engineering on industry practices?,"""How has the proportions of  empirical methods to conduct (systematic literature) reviews, so-called secondary research, evolved over time?""",0.4788
317,How can empirical research in Requirements Engineering be used to support continuous improvement in software processes?,What are the conceptual and operational definitions used for key constructs and variables in empirical research in SE and RE?,0.4787
318,What are the key success factors for empirical studies in Requirements Engineering?,How have the proportions of case studies and action research in the empirical methods used evolved over time?,0.4786
319,What methods are used to ensure the reliability and validity of empirical data in Requirements Engineering research?,Do the authors use (a common set of empirically derived) criteria to assess the quality of individual studies?,0.4785
320,How can empirical research in Requirements Engineering be used to inform policy-making in software engineering?,Do the authors use conceptual and operational definitions for key constructs and variables in empirical research in SE and RE?,0.4785
321,How can the effectiveness of empirical methods in Requirements Engineering be assessed?,How many different empirical methods are used per publication?,0.4784
322,What criteria are used to evaluate the quality of empirical studies in Requirements Engineering?,"""How has the proportions of  empirical methods to conduct (systematic literature) reviews, so-called secondary research, evolved over time?""",0.4783
323,How can empirical research in Requirements Engineering contribute to theory building?,How have the proportions of case studies and action research in the empirical methods used evolved over time?,0.4778
324,How can empirical data from multiple studies be effectively integrated in Requirements Engineering research?,How has the proportion of empirical studies evolved over time?,0.4778
325,How can empirical research findings in Requirements Engineering be made more accessible to practitioners?,"""How has the proportions of  empirical methods to conduct (systematic literature) reviews, so-called secondary research, evolved over time?""",0.4777
326,What is the role of empirical methods in advancing the state-of-the-art in Requirements Engineering?,How has the number of empirical methods used per publication evolved over time?,0.4774
327,How can empirical research in Requirements Engineering be used to inform policy-making in software engineering?,How have the proportions of case studies and action research in the empirical methods used evolved over time?,0.4772
328,How has the use of empirical methods in Requirements Engineering evolved over time?,How has the proportion of empirical studies evolved over time?,0.4771
329,How can empirical data from multiple studies be effectively integrated in Requirements Engineering research?,How has the number of empirical methods used per publication evolved over time?,0.4770
330,How can empirical studies in Requirements Engineering better address the needs of diverse stakeholders?,How has the use of conceptual and operational definitions for key constructs and variables evolved over time in empirical research in SE and RE?,0.4767
331,What are the core empirical methods used in Requirements Engineering research?,"""What empirical methods are used to conduct integrative and interpretive (systematic literature) reviews, so-called secondary research?""",0.4766
332,What are the best practices for conducting systematic reviews in empirical Requirements Engineering research?,How do the authors justify the selection and combination of empirical methods and design elements?,0.4765
333,How can empirical methods be used to study the effectiveness of Requirements Management practices?,How have the proportions of case studies and action research in the empirical methods used evolved over time?,0.4764
334,How can empirical methods be used to evaluate software requirements specifications?,Do the authors use conceptual and operational definitions for key constructs and variables in empirical research in SE and RE?,0.4762
335,How can empirical data from multiple studies be effectively integrated in Requirements Engineering research?,Do the authors use (a common set of empirically derived) criteria to assess the quality of individual studies?,0.4760
336,How can empirical research address the socio-technical aspects of Requirements Engineering?,How many empirical studies are by authors working for large software development companies?,0.4759
337,What are the primary research questions addressed by empirical methods in Requirements Engineering studies?,How has the number of empirical methods used per publication evolved over time?,0.4757
338,How can empirical research in Requirements Engineering benefit from interdisciplinary approaches?,How have the proportions of case studies and action research in the empirical methods used evolved over time?,0.4757
339,Which empirical methods are recommended for synthesizing evidence in Requirements Engineering?,"""What empirical methods are used to conduct integrative and interpretive (systematic literature) reviews, so-called secondary research?""",0.4754
340,How can empirical data from multiple studies be effectively integrated in Requirements Engineering research?,Do the authors use conceptual and operational definitions for key constructs and variables in empirical research in SE and RE?,0.4749
341,How can empirical methods be used to study the effectiveness of Requirements Management practices?,How often are which empirical methods used?,0.4748
342,What are the methods for ensuring the transparency and reproducibility of empirical research in Requirements Engineering?,What are the conceptual and operational definitions used for key constructs and variables in empirical research in SE and RE?,0.4748
343,What is the role of empirical methods in advancing the state-of-the-art in Requirements Engineering?,How many empirical studies are by authors working for large software development companies?,0.4743
344,What are the major challenges in applying empirical methods to Requirements Engineering research?,"""How has the proportions of  empirical methods to conduct (systematic literature) reviews, so-called secondary research, evolved over time?""",0.4741
345,How can empirical methods be used to study the effectiveness of Requirements Management practices?,Do the authors use conceptual and operational definitions for key constructs and variables in empirical research in SE and RE?,0.4740
346,How can the reproducibility of empirical studies in Requirements Engineering be ensured?,Do the authors use conceptual and operational definitions for key constructs and variables in empirical research in SE and RE?,0.4737
347,How can the effectiveness of empirical methods in Requirements Engineering be assessed?,How many empirical studies are by authors working for large software development companies?,0.4736
348,What are the lessons learned from past empirical studies in Requirements Engineering?,How have the proportions of case studies and action research in the empirical methods used evolved over time?,0.4733
349,How can empirical research support the development of more effective Requirements Elicitation techniques?,Do the authors use conceptual and operational definitions for key constructs and variables in empirical research in SE and RE?,0.4732
350,What are the trends in the methodological approaches used in empirical Requirements Engineering research?,Which sub-fields of SE and RE do the empirical studies cover over time?,0.4732
351,Which empirical methods are most commonly deployed in industry-academia collaborations in Requirements Engineering?,Which sub-fields of SE and RE do the empirical studies cover over time?,0.4731
352,What methods are used to ensure the reliability and validity of empirical data in Requirements Engineering research?,How often are which empirical methods used over time?,0.4730
353,How can empirical research support the development of more effective Requirements Elicitation techniques?,How have the proportions of case studies and action research in the empirical methods used evolved over time?,0.4727
354,What are the key success factors for empirical studies in Requirements Engineering?,Do the authors use conceptual and operational definitions for key constructs and variables in empirical research in SE and RE?,0.4726
355,"How can empirical methods in Requirements Engineering be adapted to address complex, real-world problems?",Do the authors use conceptual and operational definitions for key constructs and variables in empirical research in SE and RE?,0.4725
356,What are the standards for documenting and sharing empirical research data in Requirements Engineering?,"""How has the proportions of  empirical methods to conduct (systematic literature) reviews, so-called secondary research, evolved over time?""",0.4725
357,What are the trends in the methodological approaches used in empirical Requirements Engineering research?,How has comparing new approaches with relevant alternative approaches used in the industry evolved over time?,0.4723
358,How can empirical findings in Requirements Engineering be validated through multiple studies and contexts?,How have the proportions of case studies and action research in the empirical methods used evolved over time?,0.4721
359,"How can empirical methods in Requirements Engineering be adapted to address complex, real-world problems?",How has the use of conceptual and operational definitions for key constructs and variables evolved over time in empirical research in SE and RE?,0.4720
360,How can empirical research in Requirements Engineering be used to support continuous improvement in software processes?,How many empirical studies are by authors working for large software development companies?,0.4718
361,What are the common challenges encountered in conducting empirical case studies in Requirements Engineering?,What are the conceptual and operational definitions used for key constructs and variables in empirical research in SE and RE?,0.4718
362,How do empirical studies in Requirements Engineering integrate quantitative and qualitative approaches?,"""What empirical methods are used to conduct integrative and interpretive (systematic literature) reviews, so-called secondary research?""",0.4717
363,What are the major challenges in applying empirical methods to Requirements Engineering research?,How has the number of empirical methods used per publication evolved over time?,0.4717
364,What are the methods for triangulating data in empirical Requirements Engineering studies?,How do the authors justify the selection and combination of empirical methods and design elements?,0.4716
365,How can the use of empirical methods in Requirements Engineering research be improved?,How often are which empirical methods used over time?,0.4715
366,How can the reproducibility of empirical studies in Requirements Engineering be ensured?,How has the use of (a common set of empirically derived) criteria to characterize the quality of secondary research and thus the overall strength of a body of evidence evolved over time?,0.4715
367,Which empirical methods are recommended for synthesizing evidence in Requirements Engineering?,"""How have the proportions of experiments, secondary research (reviews), surveys, case studies, and action research in the empirical methods used evolved over time?""",0.4714
368,How do empirical studies in Requirements Engineering integrate quantitative and qualitative approaches?,How do the authors justify the selection and combination of empirical methods and design elements?,0.4714
369,How can empirical evidence in Requirements Engineering inform decision-making processes in software engineering?,How do the authors justify the selection and combination of empirical methods and design elements?,0.4710
370,What are the implications of empirical research for the future of Requirements Engineering as a discipline?,Do the authors use conceptual and operational definitions for key constructs and variables in empirical research in SE and RE?,0.4710
371,How can empirical methods be used to study the effectiveness of Requirements Management practices?,How do the authors justify the selection and combination of empirical methods and design elements?,0.4709
372,What are the primary research questions addressed by empirical methods in Requirements Engineering studies?,How often are which empirical methods used over time?,0.4708
373,What are the methods for assessing the impact of empirical studies in Requirements Engineering on industry practices?,Which sub-fields of SE and RE do the empirical studies cover over time?,0.4708
374,What mechanisms exist to facilitate industry-academia collaboration in empirical Requirements Engineering research?,How many empirical studies are by authors working for large software development companies?,0.4708
375,How do empirical studies in Requirements Engineering integrate quantitative and qualitative approaches?,How have the proportions of case studies and action research in the empirical methods used evolved over time?,0.4707
376,What methods are used to ensure the reliability and validity of empirical data in Requirements Engineering research?,How has the use of (a common set of empirically derived) criteria to characterize the quality of secondary research and thus the overall strength of a body of evidence evolved over time?,0.4706
377,How can empirical methods be used to evaluate the impact of new Requirements Engineering techniques?,How has the number of empirical methods used per publication evolved over time?,0.4704
378,What are the future directions for empirical research in Requirements Engineering?,How many empirical studies are by authors working for large software development companies?,0.4704
379,What methods are used to ensure the reliability and validity of empirical data in Requirements Engineering research?,"""How has the proportions of  empirical methods to conduct (systematic literature) reviews, so-called secondary research, evolved over time?""",0.4704
380,What are the methods for evaluating the reliability of empirical data in Requirements Engineering research?,How many empirical studies are by authors working for large software development companies?,0.4703
381,What are the methods for synthesizing empirical evidence from diverse study designs in Requirements Engineering?,How has the use of (a common set of empirically derived) criteria to characterize the quality of secondary research and thus the overall strength of a body of evidence evolved over time?,0.4703
382,How has the use of empirical methods in Requirements Engineering evolved over time?,Which methods are used to synthesize evidence from data of different empirical methods?,0.4702
383,What are the implications of empirical research for Requirements Engineering education and training?,What are the conceptual and operational definitions used for key constructs and variables in empirical research in SE and RE?,0.4698
384,What are the best practices for conducting systematic reviews in empirical Requirements Engineering research?,What are the conceptual and operational definitions used for key constructs and variables in empirical research in SE and RE?,0.4696
385,How can empirical research contribute to the development of standardized practices in Requirements Engineering?,How do the authors justify the selection and combination of empirical methods and design elements?,0.4695
386,How can the external validity of empirical studies in Requirements Engineering be enhanced?,"""What empirical methods are used to conduct integrative and interpretive (systematic literature) reviews, so-called secondary research?""",0.4690
387,How can empirical research in Requirements Engineering benefit from interdisciplinary approaches?,Do the authors use conceptual and operational definitions for key constructs and variables in empirical research in SE and RE?,0.4687
388,How has the use of empirical methods in Requirements Engineering evolved over time?,How has the use of statistical methods evolved over time?,0.4687
389,What are the methods for assessing the impact of empirical studies in Requirements Engineering on industry practices?,How has the use of conceptual and operational definitions for key constructs and variables evolved over time in empirical research in SE and RE?,0.4685
390,How can the reproducibility of empirical studies in Requirements Engineering be ensured?,How have the proportions of case studies and action research in the empirical methods used evolved over time?,0.4684
391,How can empirical data from multiple studies be effectively integrated in Requirements Engineering research?,"""How have the proportions of experiments, secondary research (reviews), surveys, case studies, and action research in the empirical methods used evolved over time?""",0.4683
392,How has the use of empirical methods in Requirements Engineering evolved over time?,Which sub-fields of SE and RE do the empirical studies cover over time?,0.4682
393,How can empirical research in Requirements Engineering support the development of new tools and technologies?,How do the authors justify the selection and combination of empirical methods and design elements?,0.4680
394,What are the methods for assessing the impact of empirical studies in Requirements Engineering on industry practices?,How has the proportion of studies by authors working for large software development companies evolved over time?,0.4678
395,How can the findings from empirical Requirements Engineering studies be synthesized and communicated to practitioners?,"""How has the proportions of  empirical methods to conduct (systematic literature) reviews, so-called secondary research, evolved over time?""",0.4678
396,How can empirical research in Requirements Engineering address the challenge of generalizability?,How do the authors justify the selection and combination of empirical methods and design elements?,0.4677
397,What is the role of empirical methods in advancing the state-of-the-art in Requirements Engineering?,How many different empirical methods are used per publication?,0.4673
398,How can empirical methods be used to evaluate the impact of new Requirements Engineering techniques?,How many empirical studies are by authors working for large software development companies?,0.4673
399,How can empirical methods be used to evaluate software requirements specifications?,How has the number of empirical methods used per publication evolved over time?,0.4671
400,What are the methods for assessing the impact of empirical studies in Requirements Engineering on industry practices?,How do the authors justify the selection and combination of empirical methods and design elements?,0.4670
401,Which empirical methods are recommended for synthesizing evidence in Requirements Engineering?,How many different empirical methods are used per publication?,0.4670
402,What are the key success factors for empirical studies in Requirements Engineering?,How has the use of conceptual and operational definitions for key constructs and variables evolved over time in empirical research in SE and RE?,0.4665
403,How can empirical studies in Requirements Engineering be made more rigorous and impactful?,How have the proportions of case studies and action research in the empirical methods used evolved over time?,0.4665
404,What are the criteria for assessing the credibility of empirical research findings in Requirements Engineering?,How has the use of (a common set of empirically derived) criteria to assess the quality of individual studies evolved over time?,0.4665
405,How can empirical research in Requirements Engineering benefit from interdisciplinary approaches?,How has the use of conceptual and operational definitions for key constructs and variables evolved over time in empirical research in SE and RE?,0.4664
406,How can the effectiveness of empirical methods in Requirements Engineering be assessed?,How has the number of empirical methods used per publication evolved over time?,0.4663
407,What are the lessons learned from past empirical studies in Requirements Engineering?,What are the conceptual and operational definitions used for key constructs and variables in empirical research in SE and RE?,0.4658
408,What are the methods for synthesizing empirical evidence from diverse study designs in Requirements Engineering?,"""What empirical methods are used to conduct integrative and interpretive (systematic literature) reviews, so-called secondary research?""",0.4657
409,What are the key variables studied in empirical Requirements Engineering research?,How many empirical studies are by authors working for large software development companies?,0.4656
410,What are the major challenges in applying empirical methods to Requirements Engineering research?,"""What empirical methods are used to conduct integrative and interpretive (systematic literature) reviews, so-called secondary research?""",0.4649
411,"In what ways can empirical research methods be integrated into software engineering education, specifically for Requirements Engineering?",How has the use of conceptual and operational definitions for key constructs and variables evolved over time in empirical research in SE and RE?,0.4649
412,What are the core empirical methods used in Requirements Engineering research?,"""How has the proportions of  empirical methods to conduct (systematic literature) reviews, so-called secondary research, evolved over time?""",0.4647
413,How can empirical research in Requirements Engineering contribute to improving software development processes?,Do the authors use conceptual and operational definitions for key constructs and variables in empirical research in SE and RE?,0.4646
414,How can empirical evidence in Requirements Engineering inform decision-making processes in software engineering?,How many empirical studies are by authors working for large software development companies?,0.4645
415,What are the criteria for assessing the credibility of empirical research findings in Requirements Engineering?,Do the authors use (a common set of empirically derived) criteria to assess the quality of individual studies?,0.4644
416,How can empirical studies in Requirements Engineering better address the needs of diverse stakeholders?,How do the authors justify the selection and combination of empirical methods and design elements?,0.4643
417,How can empirical research contribute to the development of standardized practices in Requirements Engineering?,How many empirical studies are by authors working for large software development companies?,0.4641
418,How can empirical data from multiple studies be effectively integrated in Requirements Engineering research?,How has the proportion of studies by authors working for large software development companies evolved over time?,0.4638
419,How can empirical research contribute to the development of standardized practices in Requirements Engineering?,How has the use of standards to describe the theories incorporated evolved over time?,0.4635
420,What are the methods for evaluating the reliability of empirical data in Requirements Engineering research?,How often are which empirical methods used over time?,0.4635
421,What is the role of empirical methods in advancing the state-of-the-art in Requirements Engineering?,How have the proportions of case studies and action research in the empirical methods used evolved over time?,0.4635
422,How can empirical methods be used to evaluate software requirements specifications?,How often are which empirical methods used over time?,0.4629
423,How can the external validity of empirical studies in Requirements Engineering be enhanced?,How has the use of (a common set of empirically derived) criteria to characterize the quality of secondary research and thus the overall strength of a body of evidence evolved over time?,0.4628
424,What are the criteria for selecting appropriate empirical methods for specific research questions in Requirements Engineering?,How has the use of conceptual and operational definitions for key constructs and variables evolved over time in empirical research in SE and RE?,0.4627
425,What are the criteria for selecting appropriate empirical methods for specific research questions in Requirements Engineering?,How has the use of (a common set of empirically derived) criteria to assess the quality of individual studies evolved over time?,0.4626
426,How can empirical methods be used to evaluate the impact of new Requirements Engineering techniques?,How often are which empirical methods used?,0.4626
427,How do empirical studies in Requirements Engineering integrate quantitative and qualitative approaches?,How many empirical studies are by authors working for large software development companies?,0.4625
428,What are the criteria for assessing the credibility of empirical research findings in Requirements Engineering?,How many empirical studies are by authors working for large software development companies?,0.4625
429,How can the relevance and impact of empirical studies in Requirements Engineering be increased?,How have the proportions of case studies and action research in the empirical methods used evolved over time?,0.4624
430,How has the use of empirical methods in Requirements Engineering evolved over time?,"""How have the proportions of experiments, secondary research (reviews), surveys, case studies, and action research in the empirical methods used evolved over time?""",0.4622
431,Which empirical methods are recommended for synthesizing evidence in Requirements Engineering?,Do the authors use (a common set of empirically derived) criteria to characterize the quality of secondary research and thus the overall strength of a body of evidence?,0.4620
432,What are the implications of empirical research for Requirements Engineering education and training?,How many empirical studies are by authors working for large software development companies?,0.4619
433,What are the criteria for assessing the credibility of empirical research findings in Requirements Engineering?,"""How have the proportions of experiments, secondary research (reviews), surveys, case studies, and action research in the empirical methods used evolved over time?""",0.4618
434,What are the methods for ensuring the transparency and reproducibility of empirical research in Requirements Engineering?,Which methods are used to synthesize evidence from data of different empirical methods?,0.4616
435,What are the major challenges in applying empirical methods to Requirements Engineering research?,How has the use of conceptual and operational definitions for key constructs and variables evolved over time in empirical research in SE and RE?,0.4615
436,How can the threats to internal and external validity be mitigated in empirical studies of Requirements Engineering?,How has the reporting of threats to validity evolved over time?,0.4614
437,What are the guidelines for conducting high-quality empirical studies in Requirements Engineering?,How do the authors justify the selection and combination of empirical methods and design elements?,0.4613
438,How can empirical research in Requirements Engineering support the development of industry-relevant guidelines and checklists?,How do the authors justify the selection and combination of empirical methods and design elements?,0.4613
439,What are the methods for synthesizing empirical evidence from diverse study designs in Requirements Engineering?,How has the proportion of studies by authors working for large software development companies evolved over time?,0.4613
440,What are the methods for synthesizing empirical evidence from diverse study designs in Requirements Engineering?,What are the conceptual and operational definitions used for key constructs and variables in empirical research in SE and RE?,0.4613
441,What are the methods for evaluating the reliability of empirical data in Requirements Engineering research?,Do the authors use conceptual and operational definitions for key constructs and variables in empirical research in SE and RE?,0.4610
442,What methods are used to ensure the reliability and validity of empirical data in Requirements Engineering research?,How have the proportions of case studies and action research in the empirical methods used evolved over time?,0.4607
443,How can the external validity of empirical studies in Requirements Engineering be enhanced?,How have the proportions of case studies and action research in the empirical methods used evolved over time?,0.4606
444,How can empirical research in Requirements Engineering contribute to theory building?,"""How has the proportions of  empirical methods to conduct (systematic literature) reviews, so-called secondary research, evolved over time?""",0.4604
445,How can the scope of empirical studies in Requirements Engineering be systematically defined and reported?,How do the authors justify the selection and combination of empirical methods and design elements?,0.4604
446,What are the core empirical methods used in Requirements Engineering research?,Which sub-fields of SE and RE do the empirical studies cover over time?,0.4604
447,What are the trends in the methodological approaches used in empirical Requirements Engineering research?,Which methods are used to synthesize evidence from data of different empirical methods?,0.4603
448,How can biases be minimized in empirical studies of Requirements Engineering?,How do the authors justify the selection and combination of empirical methods and design elements?,0.4602
449,What are the major challenges in applying empirical methods to Requirements Engineering research?,How many different empirical methods are used per publication?,0.4600
450,What criteria are used to evaluate the quality of empirical studies in Requirements Engineering?,How has the use of conceptual and operational definitions for key constructs and variables evolved over time in empirical research in SE and RE?,0.4599
451,What are the primary research questions addressed by empirical methods in Requirements Engineering studies?,Which methods are used to synthesize evidence from data of different empirical methods?,0.4599
452,What are the lessons learned from past empirical studies in Requirements Engineering?,Do the authors use conceptual and operational definitions for key constructs and variables in empirical research in SE and RE?,0.4599
453,How can empirical research in Requirements Engineering be used to inform policy-making in software engineering?,"""How has the proportions of  empirical methods to conduct (systematic literature) reviews, so-called secondary research, evolved over time?""",0.4599
454,How can the effectiveness of empirical methods in Requirements Engineering be assessed?,How often are which empirical methods used over time?,0.4599
455,What methods are used to ensure the reliability and validity of empirical data in Requirements Engineering research?,Do the authors use (a common set of empirically derived) criteria to characterize the quality of secondary research and thus the overall strength of a body of evidence?,0.4597
456,How can the external validity of empirical studies in Requirements Engineering be enhanced?,How has the use of (a common set of empirically derived) criteria to assess the quality of individual studies evolved over time?,0.4596
457,What mechanisms exist to facilitate industry-academia collaboration in empirical Requirements Engineering research?,How has the proportion of studies by authors working for large software development companies evolved over time?,0.4596
458,"How can empirical methods in Requirements Engineering be adapted to address complex, real-world problems?",How often are which empirical methods used?,0.4595
459,What are the criteria for assessing the credibility of empirical research findings in Requirements Engineering?,"""What empirical methods are used to conduct integrative and interpretive (systematic literature) reviews, so-called secondary research?""",0.4595
460,How can the reproducibility of empirical studies in Requirements Engineering be ensured?,Which sub-fields of SE and RE do the empirical studies cover over time?,0.4594
461,What methods are used to ensure the reliability and validity of empirical data in Requirements Engineering research?,How has the use of conceptual and operational definitions for key constructs and variables evolved over time in empirical research in SE and RE?,0.4593
462,What are the methods for ensuring the transparency and reproducibility of empirical research in Requirements Engineering?,"""What empirical methods are used to conduct integrative and interpretive (systematic literature) reviews, so-called secondary research?""",0.4591
463,How can empirical research in Requirements Engineering be used to inform policy-making in software engineering?,How has the use of conceptual and operational definitions for key constructs and variables evolved over time in empirical research in SE and RE?,0.4590
464,How can the scope of empirical studies in Requirements Engineering be systematically defined and reported?,"""How has the proportions of  empirical methods to conduct (systematic literature) reviews, so-called secondary research, evolved over time?""",0.4590
465,How can empirical research in Requirements Engineering be used to support continuous improvement in software processes?,Do the authors use conceptual and operational definitions for key constructs and variables in empirical research in SE and RE?,0.4589
466,How can the effectiveness of empirical methods in Requirements Engineering be assessed?,How have the proportions of case studies and action research in the empirical methods used evolved over time?,0.4588
467,What are the methods for evaluating the reliability of empirical data in Requirements Engineering research?,Do the authors use (a common set of empirically derived) criteria to assess the quality of individual studies?,0.4586
468,How can empirical research support the development of more effective Requirements Elicitation techniques?,How has the use of conceptual and operational definitions for key constructs and variables evolved over time in empirical research in SE and RE?,0.4585
469,What are the best practices for reporting empirical research findings in Requirements Engineering?,Do the authors use conceptual and operational definitions for key constructs and variables in empirical research in SE and RE?,0.4584
470,What methods are used to ensure the reliability and validity of empirical data in Requirements Engineering research?,"""What empirical methods are used to conduct integrative and interpretive (systematic literature) reviews, so-called secondary research?""",0.4583
471,What are the methods for triangulating data in empirical Requirements Engineering studies?,How many different empirical methods are used per publication?,0.4580
472,How can empirical research in Requirements Engineering address the challenge of generalizability?,How has the use of conceptual and operational definitions for key constructs and variables evolved over time in empirical research in SE and RE?,0.4574
473,What are the best practices for conducting systematic reviews in empirical Requirements Engineering research?,Do the authors use conceptual and operational definitions for key constructs and variables in empirical research in SE and RE?,0.4574
474,What are the standards for documenting and sharing empirical research data in Requirements Engineering?,Do the authors use a well defined taxonomy for their research design?,0.4572
475,What are the methods for evaluating the reliability of empirical data in Requirements Engineering research?,How has the use of (a common set of empirically derived) criteria to assess the quality of individual studies evolved over time?,0.4571
476,How can empirical research in Requirements Engineering contribute to improving software development processes?,How do the authors justify the selection and combination of empirical methods and design elements?,0.4570
477,How can empirical studies support the validation and refinement of Requirements Engineering theories?,"""How has the proportions of  empirical methods to conduct (systematic literature) reviews, so-called secondary research, evolved over time?""",0.4569
478,What methods are used to ensure the reliability and validity of empirical data in Requirements Engineering research?,How has the number of empirical methods used per publication evolved over time?,0.4566
479,How can empirical data from multiple studies be effectively integrated in Requirements Engineering research?,How often are which empirical methods used?,0.4565
480,What are the criteria for selecting appropriate empirical methods for specific research questions in Requirements Engineering?,Do the authors use (a common set of empirically derived) criteria to assess the quality of individual studies?,0.4563
481,How can empirical findings in Requirements Engineering be validated through multiple studies and contexts?,How has the use of (a common set of empirically derived) criteria to assess the quality of individual studies evolved over time?,0.4563
482,How can empirical findings in Requirements Engineering be validated through multiple studies and contexts?,How has the use of conceptual and operational definitions for key constructs and variables evolved over time in empirical research in SE and RE?,0.4561
483,How can empirical research findings in Requirements Engineering be made more accessible to practitioners?,How have the proportions of case studies and action research in the empirical methods used evolved over time?,0.4560
484,Which empirical methods are most commonly deployed in industry-academia collaborations in Requirements Engineering?,"""How has the proportions of  empirical methods to conduct (systematic literature) reviews, so-called secondary research, evolved over time?""",0.4557
485,What are the best practices for designing and conducting action research in Requirements Engineering?,How have the proportions of case studies and action research in the empirical methods used evolved over time?,0.4557
486,What are the common themes in the empirical literature on Requirements Engineering?,How do the authors justify the selection and combination of empirical methods and design elements?,0.4553
487,How can empirical methods be used to evaluate the impact of new Requirements Engineering techniques?,How have the proportions of case studies and action research in the empirical methods used evolved over time?,0.4552
488,What are the guidelines for conducting high-quality empirical studies in Requirements Engineering?,Do the authors use (a common set of empirically derived) criteria to assess the quality of individual studies?,0.4547
489,What are the best practices for conducting systematic reviews in empirical Requirements Engineering research?,How many empirical studies are by authors working for large software development companies?,0.4547
490,What are the standards for documenting and sharing empirical research data in Requirements Engineering?,How often are standards used to describe the theories incorporated?,0.4546
491,What are the methods for triangulating data in empirical Requirements Engineering studies?,How often are which empirical methods used?,0.4546
492,What are the methods for assessing the impact of empirical studies in Requirements Engineering on industry practices?,"""How have the proportions of experiments, secondary research (reviews), surveys, case studies, and action research in the empirical methods used evolved over time?""",0.4545
493,How can empirical findings in Requirements Engineering be translated into best practices?,How many empirical studies are by authors working for large software development companies?,0.4544
494,How can empirical research in Requirements Engineering contribute to improving software development processes?,How has the use of conceptual and operational definitions for key constructs and variables evolved over time in empirical research in SE and RE?,0.4542
495,How can the use of empirical methods in Requirements Engineering research be improved?,"""What empirical methods are used to conduct integrative and interpretive (systematic literature) reviews, so-called secondary research?""",0.4542
496,What are the implications of empirical research for Requirements Engineering education and training?,Do the authors use conceptual and operational definitions for key constructs and variables in empirical research in SE and RE?,0.4541
497,How can the relevance and impact of empirical studies in Requirements Engineering be increased?,How do the authors justify the selection and combination of empirical methods and design elements?,0.4540
498,What are the methods for synthesizing empirical evidence from diverse study designs in Requirements Engineering?,Which sub-fields of SE and RE do the empirical studies cover over time?,0.4536
499,How can the reproducibility of empirical studies in Requirements Engineering be ensured?,How has the use of conceptual and operational definitions for key constructs and variables evolved over time in empirical research in SE and RE?,0.4535
500,How can empirical findings in Requirements Engineering be validated through multiple studies and contexts?,"""What empirical methods are used to conduct integrative and interpretive (systematic literature) reviews, so-called secondary research?""",0.4535
501,How can empirical data from multiple studies be effectively integrated in Requirements Engineering research?,Do the authors report the selected context of their study with specific characteristics?,0.4532
502,How can the effectiveness of empirical methods in Requirements Engineering be assessed?,Which methods are used to synthesize evidence from data of different empirical methods?,0.4531
503,What are the standards for documenting and sharing empirical research data in Requirements Engineering?,How many different empirical methods are used per publication?,0.4530
504,What are the methods for triangulating data in empirical Requirements Engineering studies?,How have the proportions of case studies and action research in the empirical methods used evolved over time?,0.4530
505,What are the best practices for reporting empirical research findings in Requirements Engineering?,"""How up-to-date (and relevant) are reported (systematic) reviews, so-called secondary research?""",0.4529
506,What criteria are used to evaluate the quality of empirical studies in Requirements Engineering?,"""What empirical methods are used to conduct integrative and interpretive (systematic literature) reviews, so-called secondary research?""",0.4527
507,What are the standards for documenting and sharing empirical research data in Requirements Engineering?,Which sub-fields of SE and RE do the empirical studies cover over time?,0.4526
508,How can the findings from empirical Requirements Engineering studies be synthesized and communicated to practitioners?,How have the proportions of case studies and action research in the empirical methods used evolved over time?,0.4521
509,How can empirical research in Requirements Engineering address the challenge of generalizability?,What are the conceptual and operational definitions used for key constructs and variables in empirical research in SE and RE?,0.4518
510,What criteria are used to evaluate the quality of empirical studies in Requirements Engineering?,How have the proportions of case studies and action research in the empirical methods used evolved over time?,0.4517
511,How can the reproducibility of empirical studies in Requirements Engineering be ensured?,How has the proportion of empirical studies evolved over time?,0.4515
512,How can empirical research address the socio-technical aspects of Requirements Engineering?,"""How has the proportions of  empirical methods to conduct (systematic literature) reviews, so-called secondary research, evolved over time?""",0.4514
513,What are the best practices for reporting empirical research findings in Requirements Engineering?,How many publications are analyzed in (systematic literature) reviews?,0.4513
514,What are the lessons learned from past empirical studies in Requirements Engineering?,How has the proportion of studies by authors working for large software development companies evolved over time?,0.4512
515,What is the role of empirical methods in advancing the state-of-the-art in Requirements Engineering?,How often are which empirical methods used over time?,0.4512
516,How can empirical research in Requirements Engineering support the development of new tools and technologies?,How has the proportion of studies by authors working for large software development companies evolved over time?,0.4509
517,What are the criteria for selecting appropriate empirical methods for specific research questions in Requirements Engineering?,How has the use of (a common set of empirically derived) criteria to characterize the quality of secondary research and thus the overall strength of a body of evidence evolved over time?,0.4508
518,What are the ethical considerations in conducting empirical research in Requirements Engineering?,How many empirical studies are by authors working for large software development companies?,0.4508
519,What are the key success factors for empirical studies in Requirements Engineering?,How has the proportion of studies by authors working for large software development companies evolved over time?,0.4507
520,What methods are used to ensure the reliability and validity of empirical data in Requirements Engineering research?,Which sub-fields of SE and RE do the empirical studies cover over time?,0.4507
521,How can empirical methods guide the development of new SE technology in Requirements Engineering?,How many empirical studies are by authors working for large software development companies?,0.4506
522,What are the methods for synthesizing empirical evidence from diverse study designs in Requirements Engineering?,How has the use of (a common set of empirically derived) criteria to assess the quality of individual studies evolved over time?,0.4504
523,How do empirical studies in Requirements Engineering integrate quantitative and qualitative approaches?,"""How has the proportions of  empirical methods to conduct (systematic literature) reviews, so-called secondary research, evolved over time?""",0.4504
524,What are the implications of empirical research for the future of Requirements Engineering as a discipline?,How has the use of conceptual and operational definitions for key constructs and variables evolved over time in empirical research in SE and RE?,0.4504
525,What are the common challenges encountered in conducting empirical case studies in Requirements Engineering?,How do the authors justify the selection and combination of empirical methods and design elements?,0.4502
526,How can empirical research support the development of more effective Requirements Elicitation techniques?,How many empirical studies are by authors working for large software development companies?,0.4500
527,What are the future directions for empirical research in Requirements Engineering?,Do the authors use conceptual and operational definitions for key constructs and variables in empirical research in SE and RE?,0.4499
528,What are the future directions for empirical research in Requirements Engineering?,How do the authors justify the selection and combination of empirical methods and design elements?,0.4494
529,"In what ways can empirical research methods be integrated into software engineering education, specifically for Requirements Engineering?",How has the proportion of studies by authors working for large software development companies evolved over time?,0.4493
530,How can empirical research in Requirements Engineering be used to inform policy-making in software engineering?,How do the authors justify the selection and combination of empirical methods and design elements?,0.4492
531,How can the scope of empirical studies in Requirements Engineering be systematically defined and reported?,Which sub-fields of SE and RE do the empirical studies cover over time?,0.4492
532,How can empirical methods be used to study the effectiveness of Requirements Management practices?,How has the use of conceptual and operational definitions for key constructs and variables evolved over time in empirical research in SE and RE?,0.4490
533,What is the role of empirical methods in advancing the state-of-the-art in Requirements Engineering?,"""How has the proportions of  empirical methods to conduct (systematic literature) reviews, so-called secondary research, evolved over time?""",0.4489
534,How can empirical methods be used to evaluate software requirements specifications?,How has the use of conceptual and operational definitions for key constructs and variables evolved over time in empirical research in SE and RE?,0.4489
535,Which empirical methods are most commonly deployed in industry-academia collaborations in Requirements Engineering?,"""What empirical methods are used to conduct integrative and interpretive (systematic literature) reviews, so-called secondary research?""",0.4488
536,What are the guidelines for conducting high-quality empirical studies in Requirements Engineering?,How has the use of conceptual and operational definitions for key constructs and variables evolved over time in empirical research in SE and RE?,0.4486
537,How can empirical research in Requirements Engineering address the needs of global software development teams?,What are the conceptual and operational definitions used for key constructs and variables in empirical research in SE and RE?,0.4485
538,Which empirical methods are recommended for synthesizing evidence in Requirements Engineering?,How has the number of empirical methods used per publication evolved over time?,0.4485
539,How can empirical research in Requirements Engineering be used to support continuous improvement in software processes?,How has the use of conceptual and operational definitions for key constructs and variables evolved over time in empirical research in SE and RE?,0.4484
540,How can empirical research in Requirements Engineering contribute to theory building?,How many studies incorporate theories?,0.4484
541,How can the scope of empirical studies in Requirements Engineering be systematically defined and reported?,How have the proportions of case studies and action research in the empirical methods used evolved over time?,0.4482
542,How can empirical methods be used to study the effectiveness of Requirements Management practices?,How often are which empirical methods used over time?,0.4481
543,How can empirical research in Requirements Engineering support the development of industry-relevant guidelines and checklists?,How many empirical studies are by authors working for large software development companies?,0.4480
544,What are the methods for ensuring the transparency and reproducibility of empirical research in Requirements Engineering?,How do the authors justify the selection and combination of empirical methods and design elements?,0.4477
545,How can empirical research in Requirements Engineering contribute to improving software development processes?,"""How has the proportions of  empirical methods to conduct (systematic literature) reviews, so-called secondary research, evolved over time?""",0.4476
546,Which empirical methods are recommended for synthesizing evidence in Requirements Engineering?,Do the authors use conceptual and operational definitions for key constructs and variables in empirical research in SE and RE?,0.4476
547,How can empirical methods be used to evaluate the impact of new Requirements Engineering techniques?,How many different empirical methods are used per publication?,0.4476
548,How can empirical research address the socio-technical aspects of Requirements Engineering?,Which sub-fields of SE and RE do the empirical studies cover over time?,0.4474
549,What are the criteria for selecting appropriate empirical methods for specific research questions in Requirements Engineering?,How often are which statistical methods used?,0.4474
550,What are the common challenges encountered in conducting empirical case studies in Requirements Engineering?,Do the authors use conceptual and operational definitions for key constructs and variables in empirical research in SE and RE?,0.4470
551,How can the external validity of empirical studies in Requirements Engineering be enhanced?,Which sub-fields of SE and RE do the empirical studies cover over time?,0.4467
552,What are the implications of empirical research for Requirements Engineering education and training?,How do the authors justify the selection and combination of empirical methods and design elements?,0.4465
553,What are the methods for evaluating the reliability of empirical data in Requirements Engineering research?,"""How has the proportions of  empirical methods to conduct (systematic literature) reviews, so-called secondary research, evolved over time?""",0.4464
554,How can the relevance and impact of empirical studies in Requirements Engineering be increased?,How has the proportion of studies by authors working for large software development companies evolved over time?,0.4464
555,What are the standards for documenting and sharing empirical research data in Requirements Engineering?,"""Do the authors use standards to describe the theories incorporated (used, tested, modified, formulated)?""",0.4463
556,Which empirical methods are recommended for synthesizing evidence in Requirements Engineering?,Which sub-fields of SE and RE do the empirical studies cover over time?,0.4462
557,How can empirical research findings in Requirements Engineering be made more accessible to practitioners?,How has the proportion of studies by authors working for large software development companies evolved over time?,0.4461
558,How can empirical research contribute to the development of standardized practices in Requirements Engineering?,"""How has the proportions of  empirical methods to conduct (systematic literature) reviews, so-called secondary research, evolved over time?""",0.4460
559,How can the use of empirical methods in Requirements Engineering research be improved?,"""How have the proportions of experiments, secondary research (reviews), surveys, case studies, and action research in the empirical methods used evolved over time?""",0.4455
560,How can empirical research in Requirements Engineering support the development of new tools and technologies?,How have the proportions of case studies and action research in the empirical methods used evolved over time?,0.4455
561,How can empirical findings in Requirements Engineering be validated through multiple studies and contexts?,Do the authors use (a common set of empirically derived) criteria to assess the quality of individual studies?,0.4452
562,How can the reproducibility of empirical studies in Requirements Engineering be ensured?,How has the number of empirical methods used per publication evolved over time?,0.4444
563,How can empirical research in Requirements Engineering support the development of new tools and technologies?,"""How has the proportions of  empirical methods to conduct (systematic literature) reviews, so-called secondary research, evolved over time?""",0.4444
564,How can the external validity of empirical studies in Requirements Engineering be enhanced?,Do the authors use (a common set of empirically derived) criteria to assess the quality of individual studies?,0.4440
565,How can empirical data from multiple studies be effectively integrated in Requirements Engineering research?,Does the research design allow for efficient reuse of study (results) by other researchers?,0.4438
566,What are the ethical considerations in conducting empirical research in Requirements Engineering?,What are the conceptual and operational definitions used for key constructs and variables in empirical research in SE and RE?,0.4438
567,How can empirical research in Requirements Engineering contribute to theory building?,"""For which purpose do authors incorporate theories into their studies (use, testing, modification, formulation)?""",0.4438
568,How can the reproducibility of empirical studies in Requirements Engineering be ensured?,How has the use of (a common set of empirically derived) criteria to assess the quality of individual studies evolved over time?,0.4434
569,What role do replications play in ensuring the robustness of empirical studies in Requirements Engineering?,How do the authors justify the selection and combination of empirical methods and design elements?,0.4430
570,How can industry feedback be systematically incorporated into empirical Requirements Engineering research?,"""How has the proportions of  empirical methods to conduct (systematic literature) reviews, so-called secondary research, evolved over time?""",0.4427
571,What are the future directions for empirical research in Requirements Engineering?,How has the use of conceptual and operational definitions for key constructs and variables evolved over time in empirical research in SE and RE?,0.4423
572,What are the methods for triangulating data in empirical Requirements Engineering studies?,Do the authors use conceptual and operational definitions for key constructs and variables in empirical research in SE and RE?,0.4423
573,What are the best practices for reporting empirical research findings in Requirements Engineering?,How has the reporting of the objects of study / treatments evolved over time?,0.4422
574,How can empirical methods be used to evaluate the impact of new Requirements Engineering techniques?,How often are which empirical methods used over time?,0.4421
575,What are the key success factors for empirical studies in Requirements Engineering?,"""How has the proportions of  empirical methods to conduct (systematic literature) reviews, so-called secondary research, evolved over time?""",0.4419
576,How can empirical data from multiple studies be effectively integrated in Requirements Engineering research?,How many publications are analyzed in (systematic literature) reviews?,0.4418
577,How can empirical findings in Requirements Engineering be validated through multiple studies and contexts?,How has the use of (a common set of empirically derived) criteria to characterize the quality of secondary research and thus the overall strength of a body of evidence evolved over time?,0.4414
578,What are the best practices for reporting empirical research findings in Requirements Engineering?,How has the reporting of the tasks evolved over time?,0.4413
579,How can empirical research in Requirements Engineering benefit from interdisciplinary approaches?,"""How has the proportions of  empirical methods to conduct (systematic literature) reviews, so-called secondary research, evolved over time?""",0.4412
580,What is the role of empirical methods in advancing the state-of-the-art in Requirements Engineering?,Which methods are used to synthesize evidence from data of different empirical methods?,0.4411
581,What are the methods for evaluating the reliability of empirical data in Requirements Engineering research?,How has the number of empirical methods used per publication evolved over time?,0.4409
582,What role do replications play in ensuring the robustness of empirical studies in Requirements Engineering?,How many empirical studies are by authors working for large software development companies?,0.4408
583,What are the methods for conducting effective surveys in Requirements Engineering research?,"""How have the proportions of experiments, secondary research (reviews), surveys, case studies, and action research in the empirical methods used evolved over time?""",0.4406
584,What are the ethical considerations in conducting empirical research in Requirements Engineering?,How do the authors justify the selection and combination of empirical methods and design elements?,0.4405
585,What are the key challenges in synthesizing qualitative and quantitative data in Requirements Engineering research?,What are the conceptual and operational definitions used for key constructs and variables in empirical research in SE and RE?,0.4405
586,Which empirical methods are most commonly deployed in industry-academia collaborations in Requirements Engineering?,How has the proportion of studies by authors working for large software development companies evolved over time?,0.4404
587,How can the reproducibility of empirical studies in Requirements Engineering be ensured?,"""How have the proportions of experiments, secondary research (reviews), surveys, case studies, and action research in the empirical methods used evolved over time?""",0.4404
588,How can empirical research in Requirements Engineering address the needs of global software development teams?,Do the authors use conceptual and operational definitions for key constructs and variables in empirical research in SE and RE?,0.4402
589,What role do replications play in ensuring the robustness of empirical studies in Requirements Engineering?,"""How has the proportions of  empirical methods to conduct (systematic literature) reviews, so-called secondary research, evolved over time?""",0.4400
590,How can the threats to internal and external validity be mitigated in empirical studies of Requirements Engineering?,What types of threats to validity do the authors report?,0.4398
591,What are the methods for synthesizing empirical evidence from diverse study designs in Requirements Engineering?,How has the proportion of empirical studies evolved over time?,0.4397
592,What are the best practices for reporting empirical research findings in Requirements Engineering?,Do the authors report the selected context of their study with specific characteristics?,0.4397
593,"In what ways can empirical research methods be integrated into software engineering education, specifically for Requirements Engineering?","""How have the proportions of experiments, secondary research (reviews), surveys, case studies, and action research in the empirical methods used evolved over time?""",0.4395
594,How can empirical data from multiple studies be effectively integrated in Requirements Engineering research?,How has the use of (a common set of empirically derived) criteria to characterize the quality of secondary research and thus the overall strength of a body of evidence evolved over time?,0.4393
595,How can the effectiveness of empirical methods in Requirements Engineering be assessed?,"""How has the proportions of  empirical methods to conduct (systematic literature) reviews, so-called secondary research, evolved over time?""",0.4391
596,What are the implications of empirical research for the future of Requirements Engineering as a discipline?,How many empirical studies are by authors working for large software development companies?,0.4391
597,What are the methods for assessing the impact of empirical studies in Requirements Engineering on industry practices?,"""What empirical methods are used to conduct integrative and interpretive (systematic literature) reviews, so-called secondary research?""",0.4390
598,What are the core empirical methods used in Requirements Engineering research?,"""How have the proportions of experiments, secondary research (reviews), surveys, case studies, and action research in the empirical methods used evolved over time?""",0.4390
599,How can empirical research support the development of more effective Requirements Elicitation techniques?,"""How has the proportions of  empirical methods to conduct (systematic literature) reviews, so-called secondary research, evolved over time?""",0.4389
600,How can empirical methods be used to study the effectiveness of Requirements Management practices?,How has the number of empirical methods used per publication evolved over time?,0.4388
601,How can empirical evidence in Requirements Engineering inform decision-making processes in software engineering?,How have the proportions of case studies and action research in the empirical methods used evolved over time?,0.4384
602,How can empirical research in Requirements Engineering contribute to theory building?,How has the incorporation of theories in studies evolved over time?,0.4381
603,Which empirical methods are recommended for synthesizing evidence in Requirements Engineering?,How often are which empirical methods used over time?,0.4381
604,What are the criteria for assessing the credibility of empirical research findings in Requirements Engineering?,How has the use of conceptual and operational definitions for key constructs and variables evolved over time in empirical research in SE and RE?,0.4377
605,How can empirical studies in Requirements Engineering be made more rigorous and impactful?,"""How has the proportions of  empirical methods to conduct (systematic literature) reviews, so-called secondary research, evolved over time?""",0.4375
606,What criteria are used to evaluate the quality of empirical studies in Requirements Engineering?,Which sub-fields of SE and RE do the empirical studies cover over time?,0.4373
607,What are the methods for evaluating the reliability of empirical data in Requirements Engineering research?,Which sub-fields of SE and RE do the empirical studies cover over time?,0.4372
608,What are the major challenges in applying empirical methods to Requirements Engineering research?,Which methods are used to synthesize evidence from data of different empirical methods?,0.4369
609,What are the methods for evaluating the reliability of empirical data in Requirements Engineering research?,How has the use of (a common set of empirically derived) criteria to characterize the quality of secondary research and thus the overall strength of a body of evidence evolved over time?,0.4368
610,How has the use of empirical methods in Requirements Engineering evolved over time?,How has the proportion of papers that do not have an empirical study evolved over time?,0.4362
611,What are the standards for documenting and sharing empirical research data in Requirements Engineering?,How has the use of (a common set of empirically derived) criteria to characterize the quality of secondary research and thus the overall strength of a body of evidence evolved over time?,0.4361
612,What are the standards for documenting and sharing empirical research data in Requirements Engineering?,Which methods are used to synthesize evidence from data of different empirical methods?,0.4361
613,Which empirical methods are recommended for synthesizing evidence in Requirements Engineering?,How has the use of conceptual and operational definitions for key constructs and variables evolved over time in empirical research in SE and RE?,0.4360
614,What are the criteria for assessing the credibility of empirical research findings in Requirements Engineering?,How have the proportions of case studies and action research in the empirical methods used evolved over time?,0.4360
615,What are the lessons learned from past empirical studies in Requirements Engineering?,"""How has the proportions of  empirical methods to conduct (systematic literature) reviews, so-called secondary research, evolved over time?""",0.4358
616,What are the lessons learned from past empirical studies in Requirements Engineering?,Which sub-fields of SE and RE do the empirical studies cover over time?,0.4358
617,How can empirical data from multiple studies be effectively integrated in Requirements Engineering research?,How has the use of conceptual and operational definitions for key constructs and variables evolved over time in empirical research in SE and RE?,0.4353
618,What are the major challenges in applying empirical methods to Requirements Engineering research?,How often are which empirical methods used over time?,0.4353
619,How can the relevance and impact of empirical studies in Requirements Engineering be increased?,"""How has the proportions of  empirical methods to conduct (systematic literature) reviews, so-called secondary research, evolved over time?""",0.4353
620,What are the methods for triangulating data in empirical Requirements Engineering studies?,How many empirical studies are by authors working for large software development companies?,0.4352
621,How can empirical methods be used to evaluate the impact of new Requirements Engineering techniques?,Which methods are used to synthesize evidence from data of different empirical methods?,0.4351
622,What are the standards for documenting and sharing empirical research data in Requirements Engineering?,"""How have the proportions of experiments, secondary research (reviews), surveys, case studies, and action research in the empirical methods used evolved over time?""",0.4350
623,What are the best practices for conducting systematic reviews in empirical Requirements Engineering research?,"""How have the proportions of experiments, secondary research (reviews), surveys, case studies, and action research in the empirical methods used evolved over time?""",0.4350
624,What are the key challenges in synthesizing qualitative and quantitative data in Requirements Engineering research?,How has the use of conceptual and operational definitions for key constructs and variables evolved over time in empirical research in SE and RE?,0.4347
625,What are the methods for assessing the impact of empirical studies in Requirements Engineering on industry practices?,How has the proportion of empirical studies evolved over time?,0.4347
626,How can the reproducibility of empirical studies in Requirements Engineering be ensured?,Which methods are used to synthesize evidence from data of different empirical methods?,0.4346
627,How can empirical methods be used to evaluate the impact of new Requirements Engineering techniques?,"""How has the proportions of  empirical methods to conduct (systematic literature) reviews, so-called secondary research, evolved over time?""",0.4346
628,How can empirical research address the socio-technical aspects of Requirements Engineering?,How have the proportions of case studies and action research in the empirical methods used evolved over time?,0.4344
629,What are the best practices for conducting systematic reviews in empirical Requirements Engineering research?,Do the authors use multiple digital libraries including publications from SE and RE and related disciplines for (systematic literature) reviews?,0.4342
630,How can empirical research in Requirements Engineering benefit from interdisciplinary approaches?,How many empirical studies are by authors working for large software development companies?,0.4342
631,How can empirical research in Requirements Engineering address the challenge of generalizability?,Do the authors use conceptual and operational definitions for key constructs and variables in empirical research in SE and RE?,0.4341
632,How can empirical data from multiple studies be effectively integrated in Requirements Engineering research?,How often are which empirical methods used over time?,0.4338
633,What are the best practices for conducting systematic reviews in empirical Requirements Engineering research?,Do the authors refer to a reference (website or systematic review) that systematizes and characterizes the theory incorporated?,0.4337
634,What are the common themes in the empirical literature on Requirements Engineering?,How many empirical studies are by authors working for large software development companies?,0.4336
635,How can the reproducibility of empirical studies in Requirements Engineering be ensured?,How has the proportion of studies by authors working for large software development companies evolved over time?,0.4333
636,How has the use of empirical methods in Requirements Engineering evolved over time?,How has comparing new approaches with relevant alternative approaches used in the industry evolved over time?,0.4330
637,How can the external validity of empirical studies in Requirements Engineering be enhanced?,Do the authors use (a common set of empirically derived) criteria to characterize the quality of secondary research and thus the overall strength of a body of evidence?,0.4323
638,What are the best practices for reporting empirical research findings in Requirements Engineering?,"""How have the proportions of experiments, secondary research (reviews), surveys, case studies, and action research in the empirical methods used evolved over time?""",0.4322
639,What role do replications play in ensuring the robustness of empirical studies in Requirements Engineering?,What are the conceptual and operational definitions used for key constructs and variables in empirical research in SE and RE?,0.4320
640,What are the methods for evaluating the reliability of empirical data in Requirements Engineering research?,Do the authors use (a common set of empirically derived) criteria to characterize the quality of secondary research and thus the overall strength of a body of evidence?,0.4318
641,How can industry feedback be systematically incorporated into empirical Requirements Engineering research?,What are the conceptual and operational definitions used for key constructs and variables in empirical research in SE and RE?,0.4318
642,What are the methods for ensuring the transparency and reproducibility of empirical research in Requirements Engineering?,How have the proportions of case studies and action research in the empirical methods used evolved over time?,0.4312
643,How can empirical studies support the validation and refinement of Requirements Engineering theories?,How has the use of (a common set of empirically derived) criteria to characterize the quality of secondary research and thus the overall strength of a body of evidence evolved over time?,0.4312
644,What are the standards for documenting and sharing empirical research data in Requirements Engineering?,"""How has the provision of data (the materials used, raw data collected, and study results identified) evolved over time?""",0.4311
645,What is the role of empirical methods in advancing the state-of-the-art in Requirements Engineering?,"""What empirical methods are used to conduct integrative and interpretive (systematic literature) reviews, so-called secondary research?""",0.4310
646,"In what ways can empirical research methods be integrated into software engineering education, specifically for Requirements Engineering?",Which sub-fields of SE and RE do the empirical studies cover over time?,0.4309
647,How can empirical research in Requirements Engineering benefit from interdisciplinary approaches?,"""What empirical methods are used to conduct integrative and interpretive (systematic literature) reviews, so-called secondary research?""",0.4307
648,What are the common challenges encountered in conducting empirical case studies in Requirements Engineering?,How has the use of conceptual and operational definitions for key constructs and variables evolved over time in empirical research in SE and RE?,0.4306
649,How can empirical methods be used to study the effectiveness of Requirements Management practices?,How many different empirical methods are used per publication?,0.4305
650,Which empirical methods are most commonly deployed in industry-academia collaborations in Requirements Engineering?,"""How have the proportions of experiments, secondary research (reviews), surveys, case studies, and action research in the empirical methods used evolved over time?""",0.4305
651,How can empirical research contribute to the development of standardized practices in Requirements Engineering?,How often are standards used to describe the theories incorporated?,0.4303
652,What are the lessons learned from past empirical studies in Requirements Engineering?,How has the reporting of the tasks evolved over time?,0.4303
653,What criteria are used to evaluate the quality of empirical studies in Requirements Engineering?,How many different empirical methods are used per publication?,0.4303
654,What are the best practices for reporting empirical research findings in Requirements Engineering?,How have the proportions of case studies and action research in the empirical methods used evolved over time?,0.4303
655,How can empirical findings in Requirements Engineering be validated through multiple studies and contexts?,Which sub-fields of SE and RE do the empirical studies cover over time?,0.4302
656,What are the methods for evaluating the reliability of empirical data in Requirements Engineering research?,"""What empirical methods are used to conduct integrative and interpretive (systematic literature) reviews, so-called secondary research?""",0.4302
657,What are the standards for documenting and sharing empirical research data in Requirements Engineering?,How do the authors justify the selection and combination of empirical methods and design elements?,0.4299
658,What are the lessons learned from past empirical studies in Requirements Engineering?,How do the authors justify the selection and combination of empirical methods and design elements?,0.4299
659,How can the external validity of empirical studies in Requirements Engineering be enhanced?,"""How have the proportions of experiments, secondary research (reviews), surveys, case studies, and action research in the empirical methods used evolved over time?""",0.4298
660,What are the primary research questions addressed by empirical methods in Requirements Engineering studies?,How has the use of (a common set of empirically derived) criteria to characterize the quality of secondary research and thus the overall strength of a body of evidence evolved over time?,0.4297
661,How can the relevance and impact of empirical studies in Requirements Engineering be increased?,Which sub-fields of SE and RE do the empirical studies cover over time?,0.4296
662,How can empirical research findings in Requirements Engineering be made more accessible to practitioners?,"""What empirical methods are used to conduct integrative and interpretive (systematic literature) reviews, so-called secondary research?""",0.4295
663,What are the methods for synthesizing empirical evidence from diverse study designs in Requirements Engineering?,Do the authors use conceptual and operational definitions for key constructs and variables in empirical research in SE and RE?,0.4290
664,How can empirical research contribute to the development of standardized practices in Requirements Engineering?,How have the proportions of case studies and action research in the empirical methods used evolved over time?,0.4289
665,What role do replications play in ensuring the robustness of empirical studies in Requirements Engineering?,How have the proportions of case studies and action research in the empirical methods used evolved over time?,0.4289
666,How can empirical research in Requirements Engineering be used to inform policy-making in software engineering?,"""How have the proportions of experiments, secondary research (reviews), surveys, case studies, and action research in the empirical methods used evolved over time?""",0.4287
667,What are the major challenges in applying empirical methods to Requirements Engineering research?,"""How have the proportions of experiments, secondary research (reviews), surveys, case studies, and action research in the empirical methods used evolved over time?""",0.4285
668,How can the findings from empirical Requirements Engineering studies be synthesized and communicated to practitioners?,"""What empirical methods are used to conduct integrative and interpretive (systematic literature) reviews, so-called secondary research?""",0.4285
669,What are the criteria for assessing the credibility of empirical research findings in Requirements Engineering?,Which sub-fields of SE and RE do the empirical studies cover over time?,0.4281
670,What are the lessons learned from past empirical studies in Requirements Engineering?,How has the proportion of empirical studies evolved over time?,0.4281
671,What are the standards for documenting and sharing empirical research data in Requirements Engineering?,How have the proportions of case studies and action research in the empirical methods used evolved over time?,0.4280
672,How can empirical studies in Requirements Engineering be made more rigorous and impactful?,How has the proportion of studies by authors working for large software development companies evolved over time?,0.4276
673,How can empirical studies support the validation and refinement of Requirements Engineering theories?,Which sub-fields of SE and RE do the empirical studies cover over time?,0.4276
674,How can empirical studies in Requirements Engineering be made more rigorous and impactful?,How has the proportion of empirical studies evolved over time?,0.4275
675,What mechanisms exist to facilitate industry-academia collaboration in empirical Requirements Engineering research?,What are the conceptual and operational definitions used for key constructs and variables in empirical research in SE and RE?,0.4275
676,How can empirical studies support the validation and refinement of Requirements Engineering theories?,How have the proportions of case studies and action research in the empirical methods used evolved over time?,0.4273
677,What are the guidelines for conducting high-quality empirical studies in Requirements Engineering?,How has the use of (a common set of empirically derived) criteria to assess the quality of individual studies evolved over time?,0.4272
678,What are the methods for synthesizing empirical evidence from diverse study designs in Requirements Engineering?,Do the authors report the selected context of their study with specific characteristics?,0.4269
679,How can empirical research in Requirements Engineering address the needs of global software development teams?,How have the proportions of case studies and action research in the empirical methods used evolved over time?,0.4269
680,How can empirical research support the development of more effective Requirements Elicitation techniques?,Which methods are used to synthesize evidence from data of different empirical methods?,0.4268
681,How can the reproducibility of empirical studies in Requirements Engineering be ensured?,How often are which empirical methods used?,0.4268
682,How can the scope of empirical studies in Requirements Engineering be systematically defined and reported?,Do the authors report the selected context of their study with specific characteristics?,0.4268
683,How can empirical methods be used to evaluate software requirements specifications?,How have the proportions of case studies and action research in the empirical methods used evolved over time?,0.4267
684,How can empirical research in Requirements Engineering address the needs of global software development teams?,How has the use of conceptual and operational definitions for key constructs and variables evolved over time in empirical research in SE and RE?,0.4267
685,How can empirical data from multiple studies be effectively integrated in Requirements Engineering research?,Do the authors use a well defined taxonomy for their research design?,0.4267
686,What are the methods for synthesizing empirical evidence from diverse study designs in Requirements Engineering?,Do the authors use (a common set of empirically derived) criteria to characterize the quality of secondary research and thus the overall strength of a body of evidence?,0.4263
687,What are the critical research gaps in the empirical study of Requirements Engineering?,What are the conceptual and operational definitions used for key constructs and variables in empirical research in SE and RE?,0.4263
688,What are the methods for evaluating the reliability of empirical data in Requirements Engineering research?,How have the proportions of case studies and action research in the empirical methods used evolved over time?,0.4262
689,What are the trends in the methodological approaches used in empirical Requirements Engineering research?,How has the proportion of empirical studies evolved over time?,0.4262
690,What are the methods for triangulating data in empirical Requirements Engineering studies?,How often are which empirical methods used over time?,0.4261
691,What are the guidelines for conducting high-quality empirical studies in Requirements Engineering?,"""How has the proportions of  empirical methods to conduct (systematic literature) reviews, so-called secondary research, evolved over time?""",0.4261
692,Which empirical methods are recommended for synthesizing evidence in Requirements Engineering?,How has the use of (a common set of empirically derived) criteria to assess the quality of individual studies evolved over time?,0.4259
693,What are the primary research questions addressed by empirical methods in Requirements Engineering studies?,How has the use of (a common set of empirically derived) criteria to assess the quality of individual studies evolved over time?,0.4258
694,How can empirical studies support the validation and refinement of Requirements Engineering theories?,"""For which purpose do authors incorporate theories into their studies (use, testing, modification, formulation)?""",0.4255
695,How has the use of empirical methods in Requirements Engineering evolved over time?,How has the proportion of studies by authors working for large software development companies evolved over time?,0.4254
696,How can empirical research in Requirements Engineering support the development of industry-relevant guidelines and checklists?,"""How has the proportions of  empirical methods to conduct (systematic literature) reviews, so-called secondary research, evolved over time?""",0.4253
697,How can empirical findings in Requirements Engineering be validated through multiple studies and contexts?,"""How have the proportions of experiments, secondary research (reviews), surveys, case studies, and action research in the empirical methods used evolved over time?""",0.4253
698,How can empirical research contribute to the development of standardized practices in Requirements Engineering?,"""Do the authors use standards to describe the theories incorporated (used, tested, modified, formulated)?""",0.4251
699,What are the methods for synthesizing empirical evidence from diverse study designs in Requirements Engineering?,How has the number of empirical methods used per publication evolved over time?,0.4249
700,What mechanisms exist to facilitate industry-academia collaboration in empirical Requirements Engineering research?,Do the authors use conceptual and operational definitions for key constructs and variables in empirical research in SE and RE?,0.4248
701,How can industry feedback be systematically incorporated into empirical Requirements Engineering research?,Do the authors synthesize and present the results as checklists or guidelines applicable for industrial users?,0.4247
702,How can empirical studies in Requirements Engineering better address the needs of diverse stakeholders?,How has the proportion of studies by authors working for large software development companies evolved over time?,0.4247
703,What are the lessons learned from past empirical studies in Requirements Engineering?,"""How have the proportions of experiments, secondary research (reviews), surveys, case studies, and action research in the empirical methods used evolved over time?""",0.4247
704,What methods are used to ensure the reliability and validity of empirical data in Requirements Engineering research?,"""How have the proportions of experiments, secondary research (reviews), surveys, case studies, and action research in the empirical methods used evolved over time?""",0.4245
705,What are the key success factors for empirical studies in Requirements Engineering?,Which sub-fields of SE and RE do the empirical studies cover over time?,0.4245
706,How can empirical methods be used to study the effectiveness of Requirements Management practices?,"""How has the proportions of  empirical methods to conduct (systematic literature) reviews, so-called secondary research, evolved over time?""",0.4244
707,What are the best practices for reporting empirical research findings in Requirements Engineering?,Which sub-fields of SE and RE do the empirical studies cover over time?,0.4244
708,How can the relevance and impact of empirical studies in Requirements Engineering be increased?,How has the proportion of empirical studies evolved over time?,0.4244
709,How can empirical research in Requirements Engineering be used to support continuous improvement in software processes?,How have the proportions of case studies and action research in the empirical methods used evolved over time?,0.4244
710,What are the guidelines for conducting high-quality empirical studies in Requirements Engineering?,"""What empirical methods are used to conduct integrative and interpretive (systematic literature) reviews, so-called secondary research?""",0.4244
711,What are the methods for ensuring the transparency and reproducibility of empirical research in Requirements Engineering?,How has the use of (a common set of empirically derived) criteria to characterize the quality of secondary research and thus the overall strength of a body of evidence evolved over time?,0.4244
712,What are the standards for documenting and sharing empirical research data in Requirements Engineering?,How has the use of standards to describe the theories incorporated evolved over time?,0.4240
713,How can the reproducibility of empirical studies in Requirements Engineering be ensured?,Do the authors use (a common set of empirically derived) criteria to characterize the quality of secondary research and thus the overall strength of a body of evidence?,0.4240
714,How can empirical research support the development of more effective Requirements Elicitation techniques?,How has the number of empirical methods used per publication evolved over time?,0.4239
715,How can industry feedback be systematically incorporated into empirical Requirements Engineering research?,How do the authors justify the selection and combination of empirical methods and design elements?,0.4239
716,What are the trends in the methodological approaches used in empirical Requirements Engineering research?,Do the authors use a well defined taxonomy for their research design?,0.4238
717,How can empirical research in Requirements Engineering be used to inform policy-making in software engineering?,"""What empirical methods are used to conduct integrative and interpretive (systematic literature) reviews, so-called secondary research?""",0.4237
718,What are the ethical considerations in conducting empirical research in Requirements Engineering?,Do the authors use conceptual and operational definitions for key constructs and variables in empirical research in SE and RE?,0.4237
719,What are the future directions for empirical research in Requirements Engineering?,How have the proportions of case studies and action research in the empirical methods used evolved over time?,0.4237
720,What are the methods for ensuring the transparency and reproducibility of empirical research in Requirements Engineering?,"""How have the proportions of experiments, secondary research (reviews), surveys, case studies, and action research in the empirical methods used evolved over time?""",0.4231
721,What criteria are used to evaluate the quality of empirical studies in Requirements Engineering?,How often are which empirical methods used?,0.4230
722,What are the key variables studied in empirical Requirements Engineering research?,Which sub-fields of SE and RE do the empirical studies cover over time?,0.4230
723,What are the criteria for selecting appropriate empirical methods for specific research questions in Requirements Engineering?,Do the authors use (a common set of empirically derived) criteria to characterize the quality of secondary research and thus the overall strength of a body of evidence?,0.4227
724,How can empirical studies support the validation and refinement of Requirements Engineering theories?,How often are standards used to describe the theories incorporated?,0.4227
725,What are the methods for synthesizing empirical evidence from diverse study designs in Requirements Engineering?,How has the use of conceptual and operational definitions for key constructs and variables evolved over time in empirical research in SE and RE?,0.4226
726,How can empirical research in Requirements Engineering contribute to theory building?,How has the use of theories for a diverse and reflective generalization of study results evolved over time?,0.4224
727,What are the best practices for reporting empirical research findings in Requirements Engineering?,How has the use of conceptual and operational definitions for key constructs and variables evolved over time in empirical research in SE and RE?,0.4221
728,What are the methods for assessing the impact of empirical studies in Requirements Engineering on industry practices?,How has the use of (a common set of empirically derived) criteria to assess the quality of individual studies evolved over time?,0.4220
729,How can industry feedback be systematically incorporated into empirical Requirements Engineering research?,Do the authors use conceptual and operational definitions for key constructs and variables in empirical research in SE and RE?,0.4219
730,What are the implications of empirical research for the future of Requirements Engineering as a discipline?,How do the authors justify the selection and combination of empirical methods and design elements?,0.4219
731,What are the methods for triangulating data in empirical Requirements Engineering studies?,How has the number of empirical methods used per publication evolved over time?,0.4219
732,How can biases be minimized in empirical studies of Requirements Engineering?,How many empirical studies are by authors working for large software development companies?,0.4219
733,What are the major challenges in applying empirical methods to Requirements Engineering research?,Which sub-fields of SE and RE do the empirical studies cover over time?,0.4218
734,How can the use of empirical methods in Requirements Engineering research be improved?,Which sub-fields of SE and RE do the empirical studies cover over time?,0.4217
735,What are the future directions for empirical research in Requirements Engineering?,"""How has the proportions of  empirical methods to conduct (systematic literature) reviews, so-called secondary research, evolved over time?""",0.4217
736,How can empirical findings in Requirements Engineering be translated into best practices?,"""What empirical methods are used to conduct integrative and interpretive (systematic literature) reviews, so-called secondary research?""",0.4217
737,Which empirical methods are most commonly deployed in industry-academia collaborations in Requirements Engineering?,How has comparing new approaches with relevant alternative approaches used in the industry evolved over time?,0.4215
738,What are the methods for ensuring the transparency and reproducibility of empirical research in Requirements Engineering?,Do the authors use conceptual and operational definitions for key constructs and variables in empirical research in SE and RE?,0.4214
739,How can empirical findings in Requirements Engineering be translated into best practices?,"""How has the proportions of  empirical methods to conduct (systematic literature) reviews, so-called secondary research, evolved over time?""",0.4207
740,How can empirical research in Requirements Engineering contribute to theory building?,How has the proportion of studies by authors working for large software development companies evolved over time?,0.4207
741,What are the methods for synthesizing empirical evidence from diverse study designs in Requirements Engineering?,How many different empirical methods are used per publication?,0.4206
742,How can empirical research support the development of more effective Requirements Elicitation techniques?,"""What empirical methods are used to conduct integrative and interpretive (systematic literature) reviews, so-called secondary research?""",0.4204
743,What are the critical success factors for industry-academia research collaborations in Requirements Engineering?,How has the proportion of studies by authors working for large software development companies evolved over time?,0.4201
744,What are the methods for triangulating data in empirical Requirements Engineering studies?,How has the use of conceptual and operational definitions for key constructs and variables evolved over time in empirical research in SE and RE?,0.4200
745,What are the best practices for conducting systematic reviews in empirical Requirements Engineering research?,Do the authors use (a common set of empirically derived) criteria to assess the quality of individual studies?,0.4200
746,What are the implications of heterogeneous interventions in empirical studies of Requirements Engineering?,How do the authors justify the selection and combination of empirical methods and design elements?,0.4199
747,What criteria are used to evaluate the quality of empirical studies in Requirements Engineering?,"""How have the proportions of experiments, secondary research (reviews), surveys, case studies, and action research in the empirical methods used evolved over time?""",0.4199
748,How has the use of empirical methods in Requirements Engineering evolved over time?,How has the use of (a common set of empirically derived) criteria to assess the quality of individual studies evolved over time?,0.4198
749,How can industry feedback be systematically incorporated into empirical Requirements Engineering research?,How many empirical studies are by authors working for large software development companies?,0.4198
750,What are the standards for documenting and sharing empirical research data in Requirements Engineering?,"""Do the authors synthesize and present the results as checklists or guidelines applicable for industrial users, such as policy-makers, practitioners, and the general public?""",0.4197
751,What are the implications of empirical research for Requirements Engineering education and training?,How has the proportion of empirical studies evolved over time?,0.4197
752,What are the implications of empirical research for Requirements Engineering education and training?,How have the proportions of case studies and action research in the empirical methods used evolved over time?,0.4197
753,How do empirical studies in Requirements Engineering integrate quantitative and qualitative approaches?,How often are which empirical methods used?,0.4195
754,How has the use of empirical methods in Requirements Engineering evolved over time?,How has the reporting of the tasks evolved over time?,0.4194
755,What are the primary research questions addressed by empirical methods in Requirements Engineering studies?,Do the authors use a well defined taxonomy for their research design?,0.4193
756,How can empirical research in Requirements Engineering be used to support continuous improvement in software processes?,How do the authors justify the selection and combination of empirical methods and design elements?,0.4193
757,How can empirical findings in Requirements Engineering be validated through multiple studies and contexts?,How has the proportion of studies by authors working for large software development companies evolved over time?,0.4192
758,How can empirical research address the socio-technical aspects of Requirements Engineering?,How has the proportion of studies by authors working for large software development companies evolved over time?,0.4191
759,How can empirical studies in Requirements Engineering better address the needs of diverse stakeholders?,How have the proportions of case studies and action research in the empirical methods used evolved over time?,0.4189
760,What are the key success factors for empirical studies in Requirements Engineering?,"""How have the proportions of experiments, secondary research (reviews), surveys, case studies, and action research in the empirical methods used evolved over time?""",0.4189
761,What are the implications of heterogeneous interventions in empirical studies of Requirements Engineering?,What are the conceptual and operational definitions used for key constructs and variables in empirical research in SE and RE?,0.4187
762,How can empirical methods be used to evaluate the impact of new Requirements Engineering techniques?,How has comparing new approaches with relevant alternative approaches used in the industry evolved over time?,0.4186
763,"How can empirical methods in Requirements Engineering be adapted to address complex, real-world problems?",How many different empirical methods are used per publication?,0.4186
764,What are the standards for documenting and sharing empirical research data in Requirements Engineering?,Do the authors use (a common set of empirically derived) criteria to characterize the quality of secondary research and thus the overall strength of a body of evidence?,0.4183
765,What are the methods for ensuring the transparency and reproducibility of empirical research in Requirements Engineering?,How has the use of (a common set of empirically derived) criteria to assess the quality of individual studies evolved over time?,0.4182
766,How can the scope of empirical studies in Requirements Engineering be systematically defined and reported?,"""What empirical methods are used to conduct integrative and interpretive (systematic literature) reviews, so-called secondary research?""",0.4182
767,What are the implications of empirical research for Requirements Engineering education and training?,How has the use of conceptual and operational definitions for key constructs and variables evolved over time in empirical research in SE and RE?,0.4181
768,What are the criteria for selecting appropriate empirical methods for specific research questions in Requirements Engineering?,Do the authors use a well defined taxonomy for their research design?,0.4181
769,How can empirical research in Requirements Engineering benefit from interdisciplinary approaches?,Which sub-fields of SE and RE do the empirical studies cover over time?,0.4179
770,What are the methods for conducting effective surveys in Requirements Engineering research?,How do the authors justify the selection and combination of empirical methods and design elements?,0.4178
771,What are the standards for documenting and sharing empirical research data in Requirements Engineering?,How has the number of empirical methods used per publication evolved over time?,0.4177
772,What are the implications of empirical research for Requirements Engineering education and training?,Which sub-fields of SE and RE do the empirical studies cover over time?,0.4174
773,How can empirical findings in Requirements Engineering be validated through multiple studies and contexts?,Do the authors use (a common set of empirically derived) criteria to characterize the quality of secondary research and thus the overall strength of a body of evidence?,0.4174
774,What role do replications play in ensuring the robustness of empirical studies in Requirements Engineering?,"""How have the proportions of experiments, secondary research (reviews), surveys, case studies, and action research in the empirical methods used evolved over time?""",0.4174
775,How can the findings from empirical Requirements Engineering studies be synthesized and communicated to practitioners?,"""How have the proportions of experiments, secondary research (reviews), surveys, case studies, and action research in the empirical methods used evolved over time?""",0.4172
776,What are the future directions for empirical research in Requirements Engineering?,Which sub-fields of SE and RE do the empirical studies cover over time?,0.4172
777,"How can empirical methods in Requirements Engineering be adapted to address complex, real-world problems?",Which methods are used to synthesize evidence from data of different empirical methods?,0.4170
778,What are the best practices for conducting systematic reviews in empirical Requirements Engineering research?,How has the use of conceptual and operational definitions for key constructs and variables evolved over time in empirical research in SE and RE?,0.4168
779,How can empirical research in Requirements Engineering benefit from interdisciplinary approaches?,Do the authors use a well defined taxonomy for their research design?,0.4167
780,What are the standards for documenting and sharing empirical research data in Requirements Engineering?,How many publications are analyzed in (systematic literature) reviews?,0.4166
781,What are the best practices for conducting systematic reviews in empirical Requirements Engineering research?,Do the authors use a well defined taxonomy for their research design?,0.4165
782,What mechanisms exist to facilitate industry-academia collaboration in empirical Requirements Engineering research?,How has the use of conceptual and operational definitions for key constructs and variables evolved over time in empirical research in SE and RE?,0.4164
783,How can empirical studies support the validation and refinement of Requirements Engineering theories?,How has the use of standards to describe the theories incorporated evolved over time?,0.4156
784,What are the standards for documenting and sharing empirical research data in Requirements Engineering?,How has the use of (a common set of empirically derived) criteria to assess the quality of individual studies evolved over time?,0.4154
785,What are the primary research questions addressed by empirical methods in Requirements Engineering studies?,Do the authors use (a common set of empirically derived) criteria to assess the quality of individual studies?,0.4153
786,"In what ways can empirical research methods be integrated into software engineering education, specifically for Requirements Engineering?",How has the proportion of empirical studies evolved over time?,0.4152
787,How can empirical research in Requirements Engineering contribute to theory building?,Which sub-fields of SE and RE do the empirical studies cover over time?,0.4151
788,What are the key challenges in synthesizing qualitative and quantitative data in Requirements Engineering research?,Do the authors use conceptual and operational definitions for key constructs and variables in empirical research in SE and RE?,0.4149
789,How can empirical research findings in Requirements Engineering be made more accessible to practitioners?,"""How have the proportions of experiments, secondary research (reviews), surveys, case studies, and action research in the empirical methods used evolved over time?""",0.4148
790,How can empirical research support the development of more effective Requirements Elicitation techniques?,"""How have the proportions of experiments, secondary research (reviews), surveys, case studies, and action research in the empirical methods used evolved over time?""",0.4143
791,What mechanisms exist to facilitate industry-academia collaboration in empirical Requirements Engineering research?,How have the proportions of case studies and action research in the empirical methods used evolved over time?,0.4142
792,What are the ethical considerations in conducting empirical research in Requirements Engineering?,Do the authors use a well defined taxonomy for their research design?,0.4142
793,What are the methods for conducting effective surveys in Requirements Engineering research?,How many empirical studies are by authors working for large software development companies?,0.4142
794,What are the methods for ensuring the transparency and reproducibility of empirical research in Requirements Engineering?,How has the number of empirical methods used per publication evolved over time?,0.4141
795,How can empirical research in Requirements Engineering contribute to theory building?,"""How have the proportions of experiments, secondary research (reviews), surveys, case studies, and action research in the empirical methods used evolved over time?""",0.4140
796,What are the best practices for reporting empirical research findings in Requirements Engineering?,How many different empirical methods are used per publication?,0.4140
797,What are the key success factors for empirical studies in Requirements Engineering?,How has the use of (a common set of empirically derived) criteria to assess the quality of individual studies evolved over time?,0.4138
798,How can empirical research support the development of more effective Requirements Elicitation techniques?,How often are which empirical methods used?,0.4137
799,What are the implications of empirical research for the future of Requirements Engineering as a discipline?,Which sub-fields of SE and RE do the empirical studies cover over time?,0.4137
800,"How can empirical methods in Requirements Engineering be adapted to address complex, real-world problems?",How has the number of empirical methods used per publication evolved over time?,0.4136
801,How can empirical methods guide the development of new SE technology in Requirements Engineering?,Which sub-fields of SE and RE do the empirical studies cover over time?,0.4136
802,How can empirical methods be used to evaluate software requirements specifications?,"""How has the proportions of  empirical methods to conduct (systematic literature) reviews, so-called secondary research, evolved over time?""",0.4136
803,How can empirical methods guide the development of new SE technology in Requirements Engineering?,How have the proportions of case studies and action research in the empirical methods used evolved over time?,0.4136
804,How can the reproducibility of empirical studies in Requirements Engineering be ensured?,How many different empirical methods are used per publication?,0.4135
805,What are the key success factors for empirical studies in Requirements Engineering?,How has the number of empirical methods used per publication evolved over time?,0.4135
806,What are the ethical considerations in conducting empirical research in Requirements Engineering?,How have the proportions of case studies and action research in the empirical methods used evolved over time?,0.4135
807,How can the reproducibility of empirical studies in Requirements Engineering be ensured?,Do the authors use (a common set of empirically derived) criteria to assess the quality of individual studies?,0.4134
808,What are the key success factors for empirical studies in Requirements Engineering?,"""What empirical methods are used to conduct integrative and interpretive (systematic literature) reviews, so-called secondary research?""",0.4133
809,What are the guidelines for conducting high-quality empirical studies in Requirements Engineering?,Which sub-fields of SE and RE do the empirical studies cover over time?,0.4130
810,How can the reproducibility of empirical studies in Requirements Engineering be ensured?,How has the proportion of papers that do not have an empirical study evolved over time?,0.4130
811,How can empirical studies support the validation and refinement of Requirements Engineering theories?,How many empirical studies are by authors working for large software development companies?,0.4129
812,How can the scope of empirical studies in Requirements Engineering be systematically defined and reported?,"""How have the proportions of experiments, secondary research (reviews), surveys, case studies, and action research in the empirical methods used evolved over time?""",0.4126
813,How can empirical research in Requirements Engineering contribute to improving software development processes?,"""How have the proportions of experiments, secondary research (reviews), surveys, case studies, and action research in the empirical methods used evolved over time?""",0.4126
814,How can empirical data from multiple studies be effectively integrated in Requirements Engineering research?,How has the proportion of papers that do not have an empirical study evolved over time?,0.4125
815,What are the primary research questions addressed by empirical methods in Requirements Engineering studies?,How has the proportion of empirical studies evolved over time?,0.4124
816,How can empirical research in Requirements Engineering contribute to theory building?,"""What empirical methods are used to conduct integrative and interpretive (systematic literature) reviews, so-called secondary research?""",0.4121
817,What mechanisms exist to facilitate industry-academia collaboration in empirical Requirements Engineering research?,How do the authors justify the selection and combination of empirical methods and design elements?,0.4121
818,What are the methods for conducting effective surveys in Requirements Engineering research?,How have the proportions of case studies and action research in the empirical methods used evolved over time?,0.4120
819,How can empirical studies support the validation and refinement of Requirements Engineering theories?,"""What empirical methods are used to conduct integrative and interpretive (systematic literature) reviews, so-called secondary research?""",0.4120
820,How can the findings from empirical Requirements Engineering studies be synthesized and communicated to practitioners?,Do the authors use a well defined taxonomy for their research design?,0.4119
821,What are the trends in the methodological approaches used in empirical Requirements Engineering research?,How has the proportion of studies by authors working for large software development companies evolved over time?,0.4119
822,How can empirical methods be used to evaluate software requirements specifications?,"""What empirical methods are used to conduct integrative and interpretive (systematic literature) reviews, so-called secondary research?""",0.4118
823,How can the constructs and variables used in empirical Requirements Engineering research be defined and operationalized?,Do the authors use a well defined taxonomy for their research design?,0.4115
824,How can empirical research in Requirements Engineering be used to inform policy-making in software engineering?,How has the proportion of studies by authors working for large software development companies evolved over time?,0.4115
825,What are the methods for synthesizing empirical evidence from diverse study designs in Requirements Engineering?,Do the authors use (a common set of empirically derived) criteria to assess the quality of individual studies?,0.4112
826,What are the key success factors for empirical studies in Requirements Engineering?,How often are which empirical methods used?,0.4111
827,What are the methods for ensuring the transparency and reproducibility of empirical research in Requirements Engineering?,How many different empirical methods are used per publication?,0.4109
828,What are the standards for documenting and sharing empirical research data in Requirements Engineering?,How has the reporting of research questions and answers evolved over time?,0.4108
829,"How can empirical methods in Requirements Engineering be adapted to address complex, real-world problems?",How often are which empirical methods used over time?,0.4108
830,How can empirical research address the socio-technical aspects of Requirements Engineering?,"""What empirical methods are used to conduct integrative and interpretive (systematic literature) reviews, so-called secondary research?""",0.4106
831,What are the criteria for assessing the credibility of empirical research findings in Requirements Engineering?,"""How up-to-date (and relevant) are reported (systematic) reviews, so-called secondary research?""",0.4106
832,What are the implications of empirical research for Requirements Engineering education and training?,"""How has the proportions of  empirical methods to conduct (systematic literature) reviews, so-called secondary research, evolved over time?""",0.4102
833,How has the use of empirical methods in Requirements Engineering evolved over time?,"""What empirical methods are used to conduct integrative and interpretive (systematic literature) reviews, so-called secondary research?""",0.4102
834,What are the methods for synthesizing empirical evidence from diverse study designs in Requirements Engineering?,How often are which empirical methods used?,0.4102
835,What are the methods for assessing the impact of empirical studies in Requirements Engineering on industry practices?,Do the authors report the selected context of their study with specific characteristics?,0.4102
836,How can empirical studies support the validation and refinement of Requirements Engineering theories?,How many studies incorporate theories?,0.4102
837,What are the common challenges encountered in conducting empirical case studies in Requirements Engineering?,How has the proportion of studies by authors working for large software development companies evolved over time?,0.4101
838,What are the critical research gaps in the empirical study of Requirements Engineering?,Do the authors use conceptual and operational definitions for key constructs and variables in empirical research in SE and RE?,0.4100
839,How can industry feedback be systematically incorporated into empirical Requirements Engineering research?,"""Do the authors synthesize and present the results as checklists or guidelines applicable for industrial users, such as policy-makers, practitioners, and the general public?""",0.4098
840,What role do replications play in ensuring the robustness of empirical studies in Requirements Engineering?,Do the authors use conceptual and operational definitions for key constructs and variables in empirical research in SE and RE?,0.4096
841,What are the implications of heterogeneous interventions in empirical studies of Requirements Engineering?,Do the authors use conceptual and operational definitions for key constructs and variables in empirical research in SE and RE?,0.4095
842,What criteria are used to evaluate the quality of empirical studies in Requirements Engineering?,Do the authors report the selected context of their study with specific characteristics?,0.4095
843,What are the methods for ensuring the transparency and reproducibility of empirical research in Requirements Engineering?,Which sub-fields of SE and RE do the empirical studies cover over time?,0.4093
844,How can empirical methods be used to evaluate the impact of new Requirements Engineering techniques?,Which sub-fields of SE and RE do the empirical studies cover over time?,0.4093
845,How can the reproducibility of empirical studies in Requirements Engineering be ensured?,How often are which empirical methods used over time?,0.4090
846,What role do replications play in ensuring the robustness of empirical studies in Requirements Engineering?,How has the use of (a common set of empirically derived) criteria to characterize the quality of secondary research and thus the overall strength of a body of evidence evolved over time?,0.4088
847,What are the best practices for conducting systematic reviews in empirical Requirements Engineering research?,How have the proportions of case studies and action research in the empirical methods used evolved over time?,0.4088
848,What are the methods for evaluating the reliability of empirical data in Requirements Engineering research?,How has the use of conceptual and operational definitions for key constructs and variables evolved over time in empirical research in SE and RE?,0.4087
849,How can empirical research address the socio-technical aspects of Requirements Engineering?,"""How have the proportions of experiments, secondary research (reviews), surveys, case studies, and action research in the empirical methods used evolved over time?""",0.4087
850,How can empirical research in Requirements Engineering benefit from interdisciplinary approaches?,How has comparing new approaches with relevant alternative approaches used in the industry evolved over time?,0.4087
851,How can the effectiveness of empirical methods in Requirements Engineering be assessed?,How has the use of (a common set of empirically derived) criteria to assess the quality of individual studies evolved over time?,0.4086
852,How has the use of empirical methods in Requirements Engineering evolved over time?,How has the use of (a common set of empirically derived) criteria to characterize the quality of secondary research and thus the overall strength of a body of evidence evolved over time?,0.4086
853,What are the key success factors for empirical studies in Requirements Engineering?,How has the use of (a common set of empirically derived) criteria to characterize the quality of secondary research and thus the overall strength of a body of evidence evolved over time?,0.4086
854,How can the use of empirical methods in Requirements Engineering research be improved?,How has the use of (a common set of empirically derived) criteria to assess the quality of individual studies evolved over time?,0.4085
855,What are the best practices for reporting empirical research findings in Requirements Engineering?,How has the number of empirical methods used per publication evolved over time?,0.4083
856,How can empirical research address the socio-technical aspects of Requirements Engineering?,Do the authors use a well defined taxonomy for their research design?,0.4081
857,How can empirical research in Requirements Engineering be used to support continuous improvement in software processes?,"""How has the proportions of  empirical methods to conduct (systematic literature) reviews, so-called secondary research, evolved over time?""",0.4077
858,What are the criteria for assessing the credibility of empirical research findings in Requirements Engineering?,Which methods are used to synthesize evidence from data of different empirical methods?,0.4075
859,How can the relevance and impact of empirical studies in Requirements Engineering be increased?,"""How have the proportions of experiments, secondary research (reviews), surveys, case studies, and action research in the empirical methods used evolved over time?""",0.4075
860,How can the reproducibility of empirical studies in Requirements Engineering be ensured?,"""What empirical methods are used to conduct integrative and interpretive (systematic literature) reviews, so-called secondary research?""",0.4075
861,What criteria are used to evaluate the quality of empirical studies in Requirements Engineering?,Which methods are used to synthesize evidence from data of different empirical methods?,0.4074
862,How can the use of empirical methods in Requirements Engineering research be improved?,How has the use of (a common set of empirically derived) criteria to characterize the quality of secondary research and thus the overall strength of a body of evidence evolved over time?,0.4072
863,What are the methods for assessing the impact of empirical studies in Requirements Engineering on industry practices?,How has the number of empirical methods used per publication evolved over time?,0.4072
864,What are the best practices for conducting systematic reviews in empirical Requirements Engineering research?,How many different empirical methods are used per publication?,0.4072
865,What are the key success factors for empirical studies in Requirements Engineering?,How has the proportion of empirical studies evolved over time?,0.4072
866,How can the findings from empirical Requirements Engineering studies be synthesized and communicated to practitioners?,Which sub-fields of SE and RE do the empirical studies cover over time?,0.4071
867,How can industry feedback be systematically incorporated into empirical Requirements Engineering research?,How has the use of conceptual and operational definitions for key constructs and variables evolved over time in empirical research in SE and RE?,0.4071
868,Which empirical methods are recommended for synthesizing evidence in Requirements Engineering?,How has the proportion of empirical studies evolved over time?,0.4070
869,What are the trends in the methodological approaches used in empirical Requirements Engineering research?,How often are which statistical methods used?,0.4070
870,What are the best practices for reporting empirical research findings in Requirements Engineering?,Which methods are used to synthesize evidence from data of different empirical methods?,0.4070
871,How can empirical methods guide the development of new SE technology in Requirements Engineering?,"""How has the proportions of  empirical methods to conduct (systematic literature) reviews, so-called secondary research, evolved over time?""",0.4067
872,How can the effectiveness of empirical methods in Requirements Engineering be assessed?,Do the authors use (a common set of empirically derived) criteria to assess the quality of individual studies?,0.4066
873,How can the constructs and variables used in empirical Requirements Engineering research be defined and operationalized?,How have the proportions of case studies and action research in the empirical methods used evolved over time?,0.4066
874,Which empirical methods are most commonly deployed in industry-academia collaborations in Requirements Engineering?,How has the proportion of empirical studies evolved over time?,0.4063
875,How can empirical research in Requirements Engineering benefit from interdisciplinary approaches?,"""How have the proportions of experiments, secondary research (reviews), surveys, case studies, and action research in the empirical methods used evolved over time?""",0.4063
876,How can empirical research in Requirements Engineering contribute to improving software development processes?,How has the proportion of empirical studies evolved over time?,0.4061
877,What are the methods for assessing the impact of empirical studies in Requirements Engineering on industry practices?,How has the proportion of papers that do not have an empirical study evolved over time?,0.4060
878,How can empirical findings in Requirements Engineering be validated through multiple studies and contexts?,How many different empirical methods are used per publication?,0.4056
879,What are the best practices for conducting systematic reviews in empirical Requirements Engineering research?,How has the use of (a common set of empirically derived) criteria to assess the quality of individual studies evolved over time?,0.4055
880,How can biases be minimized in empirical studies of Requirements Engineering?,How has the proportion of studies by authors working for large software development companies evolved over time?,0.4054
881,How can empirical research findings in Requirements Engineering be made more accessible to practitioners?,How has the reporting of research questions and answers evolved over time?,0.4054
882,What are the future directions for empirical research in Requirements Engineering?,"""How have the proportions of experiments, secondary research (reviews), surveys, case studies, and action research in the empirical methods used evolved over time?""",0.4054
883,How can empirical research in Requirements Engineering contribute to theory building?,How has the proportion of empirical studies evolved over time?,0.4053
884,How can empirical methods guide the development of new SE technology in Requirements Engineering?,How has the number of empirical methods used per publication evolved over time?,0.4053
885,How can empirical methods be used to study the effectiveness of Requirements Management practices?,"""What empirical methods are used to conduct integrative and interpretive (systematic literature) reviews, so-called secondary research?""",0.4050
886,What are the criteria for assessing the credibility of empirical research findings in Requirements Engineering?,Do the authors report the selected context of their study with specific characteristics?,0.4048
887,What is the role of empirical methods in advancing the state-of-the-art in Requirements Engineering?,Which sub-fields of SE and RE do the empirical studies cover over time?,0.4044
888,"In what ways can empirical research methods be integrated into software engineering education, specifically for Requirements Engineering?",How has the use of (a common set of empirically derived) criteria to assess the quality of individual studies evolved over time?,0.4042
889,What are the criteria for assessing the credibility of empirical research findings in Requirements Engineering?,How many publications are analyzed in (systematic literature) reviews?,0.4041
890,What are the trends in the methodological approaches used in empirical Requirements Engineering research?,How has the proportion of papers that do not have an empirical study evolved over time?,0.4041
891,How can the findings from empirical Requirements Engineering studies be synthesized and communicated to practitioners?,"""Do the authors synthesize and present the results as checklists or guidelines applicable for industrial users, such as policy-makers, practitioners, and the general public?""",0.4041
892,How can empirical research in Requirements Engineering support the development of new tools and technologies?,"""How have the proportions of experiments, secondary research (reviews), surveys, case studies, and action research in the empirical methods used evolved over time?""",0.4039
893,What are the primary research questions addressed by empirical methods in Requirements Engineering studies?,How has the proportion of studies by authors working for large software development companies evolved over time?,0.4036
894,What are the standards for documenting and sharing empirical research data in Requirements Engineering?,Do the authors use (a common set of empirically derived) criteria to assess the quality of individual studies?,0.4036
895,What are the methods for triangulating data in empirical Requirements Engineering studies?,Which sub-fields of SE and RE do the empirical studies cover over time?,0.4036
896,How can empirical studies in Requirements Engineering be made more rigorous and impactful?,Which sub-fields of SE and RE do the empirical studies cover over time?,0.4035
897,What are the primary research questions addressed by empirical methods in Requirements Engineering studies?,"""Do the authors synthesize and present the results as checklists or guidelines applicable for industrial users, such as policy-makers, practitioners, and the general public?""",0.4033
898,What are the standards for documenting and sharing empirical research data in Requirements Engineering?,Do the authors synthesize and present the results as checklists or guidelines applicable for industrial users?,0.4033
899,How can empirical methods be used to study the effectiveness of Requirements Management practices?,Which methods are used to synthesize evidence from data of different empirical methods?,0.4031
900,What are the methods for ensuring the transparency and reproducibility of empirical research in Requirements Engineering?,How has the use of conceptual and operational definitions for key constructs and variables evolved over time in empirical research in SE and RE?,0.4031
901,How can the effectiveness of empirical methods in Requirements Engineering be assessed?,"""What empirical methods are used to conduct integrative and interpretive (systematic literature) reviews, so-called secondary research?""",0.4030
902,How can the scope of empirical studies in Requirements Engineering be systematically defined and reported?,Do the authors use a well defined taxonomy for their research design?,0.4029
903,How can empirical findings in Requirements Engineering be validated through multiple studies and contexts?,How many publications are analyzed in (systematic literature) reviews?,0.4028
904,Which empirical methods are most commonly deployed in industry-academia collaborations in Requirements Engineering?,Do the authors use a well defined taxonomy for their research design?,0.4027
905,What are the implications of heterogeneous interventions in empirical studies of Requirements Engineering?,How have the proportions of case studies and action research in the empirical methods used evolved over time?,0.4027
906,What are the primary research questions addressed by empirical methods in Requirements Engineering studies?,Do the authors use (a common set of empirically derived) criteria to characterize the quality of secondary research and thus the overall strength of a body of evidence?,0.4025
907,What are the best practices for reporting empirical research findings in Requirements Engineering?,How has the reporting of the setting evolved over time?,0.4023
908,How can the constructs and variables used in empirical Requirements Engineering research be defined and operationalized?,How many empirical studies are by authors working for large software development companies?,0.4021
909,How can empirical evidence in Requirements Engineering inform decision-making processes in software engineering?,What are the conceptual and operational definitions used for key constructs and variables in empirical research in SE and RE?,0.4020
910,How can empirical studies support the validation and refinement of Requirements Engineering theories?,"""How have the proportions of experiments, secondary research (reviews), surveys, case studies, and action research in the empirical methods used evolved over time?""",0.4020
911,"How can empirical methods in Requirements Engineering be adapted to address complex, real-world problems?",How have the proportions of case studies and action research in the empirical methods used evolved over time?,0.4019
912,What are the best practices for reporting empirical research findings in Requirements Engineering?,How do the authors justify the selection and combination of empirical methods and design elements?,0.4017
913,How can empirical research in Requirements Engineering support the development of industry-relevant guidelines and checklists?,Which sub-fields of SE and RE do the empirical studies cover over time?,0.4016
914,How can the use of empirical methods in Requirements Engineering research be improved?,How has the proportion of studies by authors working for large software development companies evolved over time?,0.4016
915,What are the methods for synthesizing empirical evidence from diverse study designs in Requirements Engineering?,How has the proportion of papers that do not have an empirical study evolved over time?,0.4015
916,What are the future directions for empirical research in Requirements Engineering?,"""What empirical methods are used to conduct integrative and interpretive (systematic literature) reviews, so-called secondary research?""",0.4015
917,What are the criteria for assessing the credibility of empirical research findings in Requirements Engineering?,How has the number of empirical methods used per publication evolved over time?,0.4014
918,How can empirical research findings in Requirements Engineering be made more accessible to practitioners?,Which sub-fields of SE and RE do the empirical studies cover over time?,0.4013
919,What are the methods for assessing the impact of empirical studies in Requirements Engineering on industry practices?,Do the authors synthesize and present the results as checklists or guidelines applicable for industrial users?,0.4012
920,What are the methods for assessing the impact of empirical studies in Requirements Engineering on industry practices?,How has comparing new approaches with relevant alternative approaches used in the industry evolved over time?,0.4011
921,What are the implications of empirical research for the future of Requirements Engineering as a discipline?,"""How has the proportions of  empirical methods to conduct (systematic literature) reviews, so-called secondary research, evolved over time?""",0.4010
922,How can biases be minimized in empirical studies of Requirements Engineering?,How have the proportions of case studies and action research in the empirical methods used evolved over time?,0.4009
923,What are the lessons learned from past empirical studies in Requirements Engineering?,How has the use of (a common set of empirically derived) criteria to assess the quality of individual studies evolved over time?,0.4009
924,What are the future directions for empirical research in Requirements Engineering?,How often are which empirical methods used?,0.4008
925,How can empirical research findings in Requirements Engineering be made more accessible to practitioners?,How has the proportion of empirical studies evolved over time?,0.4007
926,What are the trends in the methodological approaches used in empirical Requirements Engineering research?,How has the use of (a common set of empirically derived) criteria to assess the quality of individual studies evolved over time?,0.4007
927,What criteria are used to evaluate the quality of empirical studies in Requirements Engineering?,How has the number of empirical methods used per publication evolved over time?,0.4006
928,How can empirical research in Requirements Engineering support the development of new tools and technologies?,How has the number of empirical methods used per publication evolved over time?,0.4005
929,How can empirical research support the development of more effective Requirements Elicitation techniques?,How has the use of (a common set of empirically derived) criteria to characterize the quality of secondary research and thus the overall strength of a body of evidence evolved over time?,0.4005
930,How do empirical studies in Requirements Engineering integrate quantitative and qualitative approaches?,How many different empirical methods are used per publication?,0.4005
931,What are the lessons learned from past empirical studies in Requirements Engineering?,How has the use of (a common set of empirically derived) criteria to characterize the quality of secondary research and thus the overall strength of a body of evidence evolved over time?,0.4000
932,What are the methods for synthesizing empirical evidence from diverse study designs in Requirements Engineering?,How has the use of theories for a diverse and reflective generalization of study results evolved over time?,0.3998
933,How can empirical research in Requirements Engineering contribute to improving software development processes?,"""What empirical methods are used to conduct integrative and interpretive (systematic literature) reviews, so-called secondary research?""",0.3998
934,How can the external validity of empirical studies in Requirements Engineering be enhanced?,How has the proportion of empirical studies evolved over time?,0.3998
935,How can empirical research findings in Requirements Engineering be made more accessible to practitioners?,How has the number of empirical methods used per publication evolved over time?,0.3998
936,How can the constructs and variables used in empirical Requirements Engineering research be defined and operationalized?,How often are which empirical methods used?,0.3996
937,What are the key success factors for empirical studies in Requirements Engineering?,How many different empirical methods are used per publication?,0.3996
938,What are the guidelines for conducting high-quality empirical studies in Requirements Engineering?,Do the authors use (a common set of empirically derived) criteria to characterize the quality of secondary research and thus the overall strength of a body of evidence?,0.3995
939,What mechanisms exist to facilitate industry-academia collaboration in empirical Requirements Engineering research?,"""How has the proportions of  empirical methods to conduct (systematic literature) reviews, so-called secondary research, evolved over time?""",0.3995
940,How can empirical studies support the validation and refinement of Requirements Engineering theories?,How has the use of theories for a diverse and reflective generalization of study results evolved over time?,0.3994
941,What role do replications play in ensuring the robustness of empirical studies in Requirements Engineering?,How has the use of conceptual and operational definitions for key constructs and variables evolved over time in empirical research in SE and RE?,0.3994
942,How can empirical research contribute to the development of standardized practices in Requirements Engineering?,"""What empirical methods are used to conduct integrative and interpretive (systematic literature) reviews, so-called secondary research?""",0.3993
943,What are the key challenges in synthesizing qualitative and quantitative data in Requirements Engineering research?,"""How has the provision of data (the materials used, raw data collected, and study results identified) evolved over time?""",0.3993
944,What are the core empirical methods used in Requirements Engineering research?,How has the use of (a common set of empirically derived) criteria to characterize the quality of secondary research and thus the overall strength of a body of evidence evolved over time?,0.3992
945,What are the guidelines for conducting high-quality empirical studies in Requirements Engineering?,How have the proportions of case studies and action research in the empirical methods used evolved over time?,0.3991
946,What are the considerations for designing controlled experiments in Requirements Engineering?,How do the authors justify the selection and combination of empirical methods and design elements?,0.3990
947,How can the scope of empirical studies in Requirements Engineering be systematically defined and reported?,How has the use of (a common set of empirically derived) criteria to assess the quality of individual studies evolved over time?,0.3989
948,How can industry feedback be systematically incorporated into empirical Requirements Engineering research?,"""How have the proportions of experiments, secondary research (reviews), surveys, case studies, and action research in the empirical methods used evolved over time?""",0.3988
949,What are the methods for assessing the impact of empirical studies in Requirements Engineering on industry practices?,Do the authors use (a common set of empirically derived) criteria to assess the quality of individual studies?,0.3988
950,What are the primary research questions addressed by empirical methods in Requirements Engineering studies?,"""How has the provision of data (the materials used, raw data collected, and study results identified) evolved over time?""",0.3986
951,What are the criteria for assessing the credibility of empirical research findings in Requirements Engineering?,How has the proportion of empirical studies evolved over time?,0.3986
952,How can empirical studies in Requirements Engineering better address the needs of diverse stakeholders?,Do the authors use a well defined taxonomy for their research design?,0.3985
953,How can empirical evidence in Requirements Engineering inform decision-making processes in software engineering?,How has the use of (a common set of empirically derived) criteria to characterize the quality of secondary research and thus the overall strength of a body of evidence evolved over time?,0.3983
954,How can empirical studies in Requirements Engineering be made more rigorous and impactful?,How has the use of (a common set of empirically derived) criteria to assess the quality of individual studies evolved over time?,0.3983
955,What are the core empirical methods used in Requirements Engineering research?,How has the use of (a common set of empirically derived) criteria to assess the quality of individual studies evolved over time?,0.3982
956,What are the methods for synthesizing empirical evidence from diverse study designs in Requirements Engineering?,How many publications are analyzed in (systematic literature) reviews?,0.3982
957,Which empirical methods are most commonly deployed in industry-academia collaborations in Requirements Engineering?,Do the authors synthesize and present the results as checklists or guidelines applicable for industrial users?,0.3981
958,How can empirical evidence in Requirements Engineering inform decision-making processes in software engineering?,How has the proportion of studies by authors working for large software development companies evolved over time?,0.3981
959,What are the primary research questions addressed by empirical methods in Requirements Engineering studies?,Do the authors report the selected context of their study with specific characteristics?,0.3980
960,How can empirical methods be used to study the effectiveness of Requirements Management practices?,How has the use of (a common set of empirically derived) criteria to assess the quality of individual studies evolved over time?,0.3979
961,How can empirical research findings in Requirements Engineering be made more accessible to practitioners?,How has the use of (a common set of empirically derived) criteria to characterize the quality of secondary research and thus the overall strength of a body of evidence evolved over time?,0.3978
962,How can empirical methods be used to evaluate software requirements specifications?,How has the use of (a common set of empirically derived) criteria to assess the quality of individual studies evolved over time?,0.3978
963,How can empirical research contribute to the development of standardized practices in Requirements Engineering?,How has the number of empirical methods used per publication evolved over time?,0.3977
964,How can empirical research in Requirements Engineering support the development of new tools and technologies?,"""What empirical methods are used to conduct integrative and interpretive (systematic literature) reviews, so-called secondary research?""",0.3977
965,How can the findings from empirical Requirements Engineering studies be synthesized and communicated to practitioners?,How has the proportion of studies by authors working for large software development companies evolved over time?,0.3975
966,What are the key variables studied in empirical Requirements Engineering research?,How often are which empirical methods used?,0.3975
967,How can empirical studies support the validation and refinement of Requirements Engineering theories?,Do the authors use (a common set of empirically derived) criteria to characterize the quality of secondary research and thus the overall strength of a body of evidence?,0.3974
968,How can empirical research in Requirements Engineering contribute to theory building?,How has the use of (a common set of empirically derived) criteria to characterize the quality of secondary research and thus the overall strength of a body of evidence evolved over time?,0.3973
969,What are the best practices for reporting empirical research findings in Requirements Engineering?,How has the use of (a common set of empirically derived) criteria to assess the quality of individual studies evolved over time?,0.3973
970,What are the critical research gaps in the empirical study of Requirements Engineering?,How has the use of conceptual and operational definitions for key constructs and variables evolved over time in empirical research in SE and RE?,0.3972
971,What are the critical research gaps in the empirical study of Requirements Engineering?,How many empirical studies are by authors working for large software development companies?,0.3971
972,What criteria are used to evaluate the quality of empirical studies in Requirements Engineering?,How many publications are analyzed in (systematic literature) reviews?,0.3969
973,What are the critical success factors for industry-academia research collaborations in Requirements Engineering?,How many empirical studies are by authors working for large software development companies?,0.3967
974,How can empirical research in Requirements Engineering support the development of new tools and technologies?,Which sub-fields of SE and RE do the empirical studies cover over time?,0.3967
975,How can empirical studies support the validation and refinement of Requirements Engineering theories?,"""Do the authors use standards to describe the theories incorporated (used, tested, modified, formulated)?""",0.3965
976,What are the primary research questions addressed by empirical methods in Requirements Engineering studies?,"""For which purpose do authors incorporate theories into their studies (use, testing, modification, formulation)?""",0.3964
977,What mechanisms exist to facilitate industry-academia collaboration in empirical Requirements Engineering research?,Which sub-fields of SE and RE do the empirical studies cover over time?,0.3964
978,What are the methods for evaluating the reliability of empirical data in Requirements Engineering research?,"""How have the proportions of experiments, secondary research (reviews), surveys, case studies, and action research in the empirical methods used evolved over time?""",0.3964
979,How can empirical studies in Requirements Engineering be made more rigorous and impactful?,How has the number of empirical methods used per publication evolved over time?,0.3963
980,How can the findings from empirical Requirements Engineering studies be synthesized and communicated to practitioners?,How has the number of empirical methods used per publication evolved over time?,0.3962
981,What are the key variables studied in empirical Requirements Engineering research?,How many different empirical methods are used per publication?,0.3960
982,How can empirical findings in Requirements Engineering be validated through multiple studies and contexts?,Do the authors use a well defined taxonomy for their research design?,0.3960
983,What are the best practices for conducting systematic reviews in empirical Requirements Engineering research?,How has the use of (a common set of empirically derived) criteria to characterize the quality of secondary research and thus the overall strength of a body of evidence evolved over time?,0.3960
984,What are the best practices for reporting empirical research findings in Requirements Engineering?,How has the use of (a common set of empirically derived) criteria to characterize the quality of secondary research and thus the overall strength of a body of evidence evolved over time?,0.3960
985,How can the effectiveness of empirical methods in Requirements Engineering be assessed?,Which sub-fields of SE and RE do the empirical studies cover over time?,0.3959
986,How can industry feedback be systematically incorporated into empirical Requirements Engineering research?,"""What empirical methods are used to conduct integrative and interpretive (systematic literature) reviews, so-called secondary research?""",0.3958
987,What mechanisms exist to facilitate industry-academia collaboration in empirical Requirements Engineering research?,Do the authors use a well defined taxonomy for their research design?,0.3957
988,How can empirical findings in Requirements Engineering be translated into best practices?,How have the proportions of case studies and action research in the empirical methods used evolved over time?,0.3954
989,How can empirical research contribute to the development of standardized practices in Requirements Engineering?,How has the proportion of studies by authors working for large software development companies evolved over time?,0.3953
990,What are the methods for ensuring the transparency and reproducibility of empirical research in Requirements Engineering?,How has the proportion of studies by authors working for large software development companies evolved over time?,0.3953
991,How can the use of empirical methods in Requirements Engineering research be improved?,How has the proportion of empirical studies evolved over time?,0.3953
992,Which empirical methods are most commonly deployed in industry-academia collaborations in Requirements Engineering?,How often are which statistical methods used?,0.3950
993,How can empirical methods be used to evaluate the impact of new Requirements Engineering techniques?,"""What empirical methods are used to conduct integrative and interpretive (systematic literature) reviews, so-called secondary research?""",0.3950
994,What are the criteria for assessing the credibility of empirical research findings in Requirements Engineering?,How has the reporting of threats to validity evolved over time?,0.3950
995,What are the common challenges encountered in conducting empirical case studies in Requirements Engineering?,Which sub-fields of SE and RE do the empirical studies cover over time?,0.3949
996,How can empirical research support the development of more effective Requirements Elicitation techniques?,How many different empirical methods are used per publication?,0.3948
997,How can empirical research in Requirements Engineering support the development of industry-relevant guidelines and checklists?,Do the authors use a well defined taxonomy for their research design?,0.3948
998,What are the lessons learned from past empirical studies in Requirements Engineering?,How has the proportion of papers that do not have an empirical study evolved over time?,0.3948
999,What are the ethical considerations in conducting empirical research in Requirements Engineering?,"""How have the proportions of experiments, secondary research (reviews), surveys, case studies, and action research in the empirical methods used evolved over time?""",0.3946
1000,How can empirical data from multiple studies be effectively integrated in Requirements Engineering research?,How has the reporting of research questions and answers evolved over time?,0.3945
1001,What are the best practices for conducting systematic reviews in empirical Requirements Engineering research?,How often are which empirical methods used?,0.3945
1002,What are the best practices for conducting systematic reviews in empirical Requirements Engineering research?,Which methods are used to synthesize evidence from data of different empirical methods?,0.3945
1003,What are the best practices for conducting systematic reviews in empirical Requirements Engineering research?,Do the authors use (a common set of empirically derived) criteria to characterize the quality of secondary research and thus the overall strength of a body of evidence?,0.3944
1004,How can empirical methods be used to study the effectiveness of Requirements Management practices?,Which sub-fields of SE and RE do the empirical studies cover over time?,0.3943
1005,What are the methods for conducting effective surveys in Requirements Engineering research?,How has the use of (a common set of empirically derived) criteria to assess the quality of individual studies evolved over time?,0.3941
1006,How can empirical research in Requirements Engineering support the development of industry-relevant guidelines and checklists?,How has comparing new approaches with relevant alternative approaches used in the industry evolved over time?,0.3941
1007,How can the constructs and variables used in empirical Requirements Engineering research be defined and operationalized?,How many different empirical methods are used per publication?,0.3940
1008,What are the major challenges in applying empirical methods to Requirements Engineering research?,How has the proportion of empirical studies evolved over time?,0.3939
1009,How has the use of empirical methods in Requirements Engineering evolved over time?,How has the use of standards to describe the theories incorporated evolved over time?,0.3938
1010,What are the common challenges encountered in conducting empirical case studies in Requirements Engineering?,"""How have the proportions of experiments, secondary research (reviews), surveys, case studies, and action research in the empirical methods used evolved over time?""",0.3937
1011,How can the findings from empirical Requirements Engineering studies be synthesized and communicated to practitioners?,Do the authors synthesize and present the results as checklists or guidelines applicable for industrial users?,0.3937
1012,How can empirical evidence in Requirements Engineering inform decision-making processes in software engineering?,How has the use of conceptual and operational definitions for key constructs and variables evolved over time in empirical research in SE and RE?,0.3936
1013,How can empirical research in Requirements Engineering be used to support continuous improvement in software processes?,"""What empirical methods are used to conduct integrative and interpretive (systematic literature) reviews, so-called secondary research?""",0.3935
1014,How can empirical data from multiple studies be effectively integrated in Requirements Engineering research?,Do the authors use (a common set of empirically derived) criteria to characterize the quality of secondary research and thus the overall strength of a body of evidence?,0.3932
1015,How can empirical studies in Requirements Engineering be made more rigorous and impactful?,How has the proportion of papers that do not have an empirical study evolved over time?,0.3932
1016,How can empirical methods be used to evaluate software requirements specifications?,Do the authors use (a common set of empirically derived) criteria to assess the quality of individual studies?,0.3931
1017,How can empirical research in Requirements Engineering contribute to theory building?,How often are standards used to describe the theories incorporated?,0.3930
1018,"How can empirical methods in Requirements Engineering be adapted to address complex, real-world problems?",How many empirical studies are by authors working for large software development companies?,0.3930
1019,How can the reproducibility of empirical studies in Requirements Engineering be ensured?,Do the authors synthesize and present the results as checklists or guidelines applicable for industrial users?,0.3929
1020,How can empirical methods guide the development of new SE technology in Requirements Engineering?,How has comparing new approaches with relevant alternative approaches used in the industry evolved over time?,0.3927
1021,What are the key variables studied in empirical Requirements Engineering research?,How have the proportions of case studies and action research in the empirical methods used evolved over time?,0.3927
1022,What are the lessons learned from past empirical studies in Requirements Engineering?,How has the number of empirical methods used per publication evolved over time?,0.3927
1023,What are the methods for synthesizing empirical evidence from diverse study designs in Requirements Engineering?,How many studies incorporate theories?,0.3926
1024,How can empirical research findings in Requirements Engineering be made more accessible to practitioners?,How has the proportion of papers that do not have an empirical study evolved over time?,0.3923
1025,What are the methods for assessing the impact of empirical studies in Requirements Engineering on industry practices?,How often are which empirical methods used?,0.3922
1026,Which empirical methods are recommended for synthesizing evidence in Requirements Engineering?,Do the authors use (a common set of empirically derived) criteria to assess the quality of individual studies?,0.3922
1027,What are the methods for assessing the impact of empirical studies in Requirements Engineering on industry practices?,How has the use of (a common set of empirically derived) criteria to characterize the quality of secondary research and thus the overall strength of a body of evidence evolved over time?,0.3921
1028,What are the implications of heterogeneous interventions in empirical studies of Requirements Engineering?,How has the use of conceptual and operational definitions for key constructs and variables evolved over time in empirical research in SE and RE?,0.3920
1029,How can the external validity of empirical studies in Requirements Engineering be enhanced?,How has the proportion of studies by authors working for large software development companies evolved over time?,0.3919
1030,How can empirical methods be used to evaluate the impact of new Requirements Engineering techniques?,How has the use of (a common set of empirically derived) criteria to characterize the quality of secondary research and thus the overall strength of a body of evidence evolved over time?,0.3919
1031,How can empirical research in Requirements Engineering address the needs of global software development teams?,How do the authors justify the selection and combination of empirical methods and design elements?,0.3919
1032,What are the trends in the methodological approaches used in empirical Requirements Engineering research?,How has the use of (a common set of empirically derived) criteria to characterize the quality of secondary research and thus the overall strength of a body of evidence evolved over time?,0.3918
1033,How can the use of empirical methods in Requirements Engineering research be improved?,Do the authors use (a common set of empirically derived) criteria to assess the quality of individual studies?,0.3914
1034,How can the relevance and impact of empirical studies in Requirements Engineering be increased?,How has the proportion of papers that do not have an empirical study evolved over time?,0.3914
1035,What are the key success factors for empirical studies in Requirements Engineering?,Do the authors use (a common set of empirically derived) criteria to assess the quality of individual studies?,0.3914
1036,How can empirical research findings in Requirements Engineering be made more accessible to practitioners?,How has the reporting of the tasks evolved over time?,0.3912
1037,What are the methods for triangulating data in empirical Requirements Engineering studies?,"""How have the proportions of experiments, secondary research (reviews), surveys, case studies, and action research in the empirical methods used evolved over time?""",0.3912
1038,How can empirical findings in Requirements Engineering be validated through multiple studies and contexts?,How often are which empirical methods used?,0.3910
1039,How can empirical findings in Requirements Engineering be validated through multiple studies and contexts?,How has the number of empirical methods used per publication evolved over time?,0.3910
1040,How do empirical studies in Requirements Engineering integrate quantitative and qualitative approaches?,"""How have the proportions of experiments, secondary research (reviews), surveys, case studies, and action research in the empirical methods used evolved over time?""",0.3910
1041,How can the scope of empirical studies in Requirements Engineering be systematically defined and reported?,How has the proportion of studies by authors working for large software development companies evolved over time?,0.3908
1042,What are the standards for documenting and sharing empirical research data in Requirements Engineering?,How often are which empirical methods used?,0.3908
1043,How can empirical research in Requirements Engineering contribute to theory building?,How has the number of empirical methods used per publication evolved over time?,0.3907
1044,How can empirical research in Requirements Engineering benefit from interdisciplinary approaches?,How has the proportion of studies by authors working for large software development companies evolved over time?,0.3907
1045,How can empirical data from multiple studies be effectively integrated in Requirements Engineering research?,"""How has building on previous research data and results, including from other disciplines, evolved over time?""",0.3906
1046,How can empirical research contribute to the development of standardized practices in Requirements Engineering?,Do the authors use a well defined taxonomy for their research design?,0.3905
1047,What are the criteria for assessing the credibility of empirical research findings in Requirements Engineering?,How has the proportion of papers that do not have an empirical study evolved over time?,0.3904
1048,What are the guidelines for conducting high-quality empirical studies in Requirements Engineering?,How has the use of (a common set of empirically derived) criteria to characterize the quality of secondary research and thus the overall strength of a body of evidence evolved over time?,0.3903
1049,How can empirical research in Requirements Engineering support the development of industry-relevant guidelines and checklists?,"""What empirical methods are used to conduct integrative and interpretive (systematic literature) reviews, so-called secondary research?""",0.3903
1050,How can empirical studies in Requirements Engineering be made more rigorous and impactful?,How has the use of (a common set of empirically derived) criteria to characterize the quality of secondary research and thus the overall strength of a body of evidence evolved over time?,0.3902
1051,What are the implications of empirical research for Requirements Engineering education and training?,How has the proportion of papers that do not have an empirical study evolved over time?,0.3902
1052,How can empirical research in Requirements Engineering contribute to improving software development processes?,How has the number of empirical methods used per publication evolved over time?,0.3900
1053,What are the best practices for reporting empirical research findings in Requirements Engineering?,Do the authors use (a common set of empirically derived) criteria to assess the quality of individual studies?,0.3899
1054,How can empirical research in Requirements Engineering be used to support continuous improvement in software processes?,How has the proportion of studies by authors working for large software development companies evolved over time?,0.3896
1055,How can the external validity of empirical studies in Requirements Engineering be enhanced?,Do the authors report the selected context of their study with specific characteristics?,0.3892
1056,What are the common themes in the empirical literature on Requirements Engineering?,Which sub-fields of SE and RE do the empirical studies cover over time?,0.3891
1057,How can the findings from empirical Requirements Engineering studies be synthesized and communicated to practitioners?,Do the authors report the selected context of their study with specific characteristics?,0.3890
1058,What are the common challenges encountered in conducting empirical case studies in Requirements Engineering?,"""How has the proportions of  empirical methods to conduct (systematic literature) reviews, so-called secondary research, evolved over time?""",0.3890
1059,How can empirical methods be used to evaluate software requirements specifications?,How has the use of (a common set of empirically derived) criteria to characterize the quality of secondary research and thus the overall strength of a body of evidence evolved over time?,0.3890
1060,How can empirical evidence in Requirements Engineering inform decision-making processes in software engineering?,Do the authors use conceptual and operational definitions for key constructs and variables in empirical research in SE and RE?,0.3889
1061,How can the constructs and variables used in empirical Requirements Engineering research be defined and operationalized?,"""How has the proportions of  empirical methods to conduct (systematic literature) reviews, so-called secondary research, evolved over time?""",0.3889
1062,How can empirical research in Requirements Engineering benefit from interdisciplinary approaches?,How has the proportion of empirical studies evolved over time?,0.3887
1063,How do empirical studies in Requirements Engineering integrate quantitative and qualitative approaches?,How has the number of empirical methods used per publication evolved over time?,0.3887
1064,How can empirical studies support the validation and refinement of Requirements Engineering theories?,Which methods are used to synthesize evidence from data of different empirical methods?,0.3884
1065,What are the core empirical methods used in Requirements Engineering research?,Do the authors use (a common set of empirically derived) criteria to assess the quality of individual studies?,0.3884
1066,How can the scope of empirical studies in Requirements Engineering be systematically defined and reported?,How has the proportion of empirical studies evolved over time?,0.3883
1067,What methods are used to ensure the reliability and validity of empirical data in Requirements Engineering research?,How often are which statistical methods used?,0.3882
1068,How can empirical studies in Requirements Engineering better address the needs of diverse stakeholders?,"""How has the proportions of  empirical methods to conduct (systematic literature) reviews, so-called secondary research, evolved over time?""",0.3877
1069,What are the best practices for reporting empirical research findings in Requirements Engineering?,How has the reporting of the context evolved over time?,0.3876
1070,What are the common challenges encountered in conducting empirical case studies in Requirements Engineering?,"""What empirical methods are used to conduct integrative and interpretive (systematic literature) reviews, so-called secondary research?""",0.3876
1071,How can the findings from empirical Requirements Engineering studies be synthesized and communicated to practitioners?,How has the use of (a common set of empirically derived) criteria to assess the quality of individual studies evolved over time?,0.3876
1072,How can empirical methods be used to evaluate the impact of new Requirements Engineering techniques?,How has the use of (a common set of empirically derived) criteria to assess the quality of individual studies evolved over time?,0.3876
1073,How can the scope of empirical studies in Requirements Engineering be systematically defined and reported?,Do the authors use (a common set of empirically derived) criteria to assess the quality of individual studies?,0.3874
1074,How has the use of empirical methods in Requirements Engineering evolved over time?,"""How has the provision of data (the materials used, raw data collected, and study results identified) evolved over time?""",0.3874
1075,What role do replications play in ensuring the robustness of empirical studies in Requirements Engineering?,How has the number of empirical methods used per publication evolved over time?,0.3874
1076,What are the methods for ensuring the transparency and reproducibility of empirical research in Requirements Engineering?,How often are which empirical methods used?,0.3872
1077,What are the best practices for conducting systematic reviews in empirical Requirements Engineering research?,How has the number of empirical methods used per publication evolved over time?,0.3872
1078,How can empirical research in Requirements Engineering contribute to improving software development processes?,Which sub-fields of SE and RE do the empirical studies cover over time?,0.3872
1079,What are the primary research questions addressed by empirical methods in Requirements Engineering studies?,How has the proportion of papers that do not have an empirical study evolved over time?,0.3871
1080,What role do replications play in ensuring the robustness of empirical studies in Requirements Engineering?,How has the proportion of studies by authors working for large software development companies evolved over time?,0.3871
1081,What are the implications of empirical research for Requirements Engineering education and training?,"""How have the proportions of experiments, secondary research (reviews), surveys, case studies, and action research in the empirical methods used evolved over time?""",0.3871
1082,What are the trends in the methodological approaches used in empirical Requirements Engineering research?,How has the use of statistical methods evolved over time?,0.3869
1083,What are the methods for assessing the impact of empirical studies in Requirements Engineering on industry practices?,How many publications are analyzed in (systematic literature) reviews?,0.3869
1084,What are the ethical considerations in conducting empirical research in Requirements Engineering?,"""What empirical methods are used to conduct integrative and interpretive (systematic literature) reviews, so-called secondary research?""",0.3868
1085,How can empirical research contribute to the development of standardized practices in Requirements Engineering?,How has the use of (a common set of empirically derived) criteria to characterize the quality of secondary research and thus the overall strength of a body of evidence evolved over time?,0.3868
1086,How can the scope of empirical studies in Requirements Engineering be systematically defined and reported?,How has the number of empirical methods used per publication evolved over time?,0.3867
1087,How can empirical methods be used to study the effectiveness of Requirements Management practices?,How has the proportion of empirical studies evolved over time?,0.3866
1088,How can empirical studies support the validation and refinement of Requirements Engineering theories?,How has the use of (a common set of empirically derived) criteria to assess the quality of individual studies evolved over time?,0.3866
1089,What are the methods for ensuring the transparency and reproducibility of empirical research in Requirements Engineering?,"""How up-to-date (and relevant) are reported (systematic) reviews, so-called secondary research?""",0.3865
1090,How can empirical findings in Requirements Engineering be validated through multiple studies and contexts?,How has the proportion of empirical studies evolved over time?,0.3863
1091,What criteria are used to evaluate the quality of empirical studies in Requirements Engineering?,Do the authors use a well defined taxonomy for their research design?,0.3862
1092,How do empirical studies in Requirements Engineering integrate quantitative and qualitative approaches?,How often are which empirical methods used over time?,0.3859
1093,How can the constructs and variables used in empirical Requirements Engineering research be defined and operationalized?,How has the number of empirical methods used per publication evolved over time?,0.3859
1094,What are the methods for synthesizing empirical evidence from diverse study designs in Requirements Engineering?,"""How has building on previous research data and results, including from other disciplines, evolved over time?""",0.3859
1095,What are the major challenges in applying empirical methods to Requirements Engineering research?,How has the use of (a common set of empirically derived) criteria to characterize the quality of secondary research and thus the overall strength of a body of evidence evolved over time?,0.3858
1096,What are the methods for assessing the impact of empirical studies in Requirements Engineering on industry practices?,How many different empirical methods are used per publication?,0.3857
1097,How can empirical methods be used to evaluate the impact of new Requirements Engineering techniques?,"""How have the proportions of experiments, secondary research (reviews), surveys, case studies, and action research in the empirical methods used evolved over time?""",0.3857
1098,How can the relevance and impact of empirical studies in Requirements Engineering be increased?,How has the use of (a common set of empirically derived) criteria to characterize the quality of secondary research and thus the overall strength of a body of evidence evolved over time?,0.3856
1099,How can empirical research in Requirements Engineering benefit from interdisciplinary approaches?,How has the number of empirical methods used per publication evolved over time?,0.3855
1100,What are the criteria for selecting appropriate empirical methods for specific research questions in Requirements Engineering?,How has the proportion of empirical studies evolved over time?,0.3855
1101,How can the use of empirical methods in Requirements Engineering research be improved?,How has comparing new approaches with relevant alternative approaches used in the industry evolved over time?,0.3855
1102,How can the findings from empirical Requirements Engineering studies be synthesized and communicated to practitioners?,How many different empirical methods are used per publication?,0.3854
1103,What are the lessons learned from past empirical studies in Requirements Engineering?,How has the use of standards to describe the theories incorporated evolved over time?,0.3853
1104,What are the methods for triangulating data in empirical Requirements Engineering studies?,"""How has the proportions of  empirical methods to conduct (systematic literature) reviews, so-called secondary research, evolved over time?""",0.3853
1105,What are the ethical considerations in conducting empirical research in Requirements Engineering?,"""How has the proportions of  empirical methods to conduct (systematic literature) reviews, so-called secondary research, evolved over time?""",0.3853
1106,How can empirical data from multiple studies be effectively integrated in Requirements Engineering research?,How many studies incorporate theories?,0.3853
1107,How can empirical research findings in Requirements Engineering be made more accessible to practitioners?,Do the authors report the selected context of their study with specific characteristics?,0.3851
1108,How can empirical methods guide the development of new SE technology in Requirements Engineering?,How has the proportion of studies by authors working for large software development companies evolved over time?,0.3850
1109,How can the findings from empirical Requirements Engineering studies be synthesized and communicated to practitioners?,Do the authors use (a common set of empirically derived) criteria to assess the quality of individual studies?,0.3848
1110,How can empirical studies in Requirements Engineering be made more rigorous and impactful?,How often are which empirical methods used?,0.3845
1111,How do empirical studies in Requirements Engineering integrate quantitative and qualitative approaches?,Which methods are used to synthesize evidence from data of different empirical methods?,0.3845
1112,How can empirical research in Requirements Engineering support the development of industry-relevant guidelines and checklists?,How have the proportions of case studies and action research in the empirical methods used evolved over time?,0.3844
1113,How can empirical research in Requirements Engineering address the needs of global software development teams?,"""How has the proportions of  empirical methods to conduct (systematic literature) reviews, so-called secondary research, evolved over time?""",0.3844
1114,How can the effectiveness of empirical methods in Requirements Engineering be assessed?,"""How have the proportions of experiments, secondary research (reviews), surveys, case studies, and action research in the empirical methods used evolved over time?""",0.3843
1115,How can the findings from empirical Requirements Engineering studies be synthesized and communicated to practitioners?,Which methods are used to synthesize evidence from data of different empirical methods?,0.3841
1116,What are the major challenges in applying empirical methods to Requirements Engineering research?,How has the proportion of studies by authors working for large software development companies evolved over time?,0.3838
1117,How can the findings from empirical Requirements Engineering studies be synthesized and communicated to practitioners?,How often are which empirical methods used?,0.3837
1118,What are the key success factors for empirical studies in Requirements Engineering?,How often are which empirical methods used over time?,0.3837
1119,What role do replications play in ensuring the robustness of empirical studies in Requirements Engineering?,How has the proportion of replications evolved over time?,0.3837
1120,What are the best practices for reporting empirical research findings in Requirements Engineering?,Do the authors use (a common set of empirically derived) criteria to characterize the quality of secondary research and thus the overall strength of a body of evidence?,0.3837
1121,What are the methods for assessing the impact of empirical studies in Requirements Engineering on industry practices?,How often are which empirical methods used over time?,0.3837
1122,What are the implications of empirical research for the future of Requirements Engineering as a discipline?,How has the proportion of empirical studies evolved over time?,0.3837
1123,What are the methods for triangulating data in empirical Requirements Engineering studies?,"""What empirical methods are used to conduct integrative and interpretive (systematic literature) reviews, so-called secondary research?""",0.3836
1124,How do empirical studies in Requirements Engineering integrate quantitative and qualitative approaches?,Which sub-fields of SE and RE do the empirical studies cover over time?,0.3834
1125,How can the threats to internal and external validity be mitigated in empirical studies of Requirements Engineering?,What are the conceptual and operational definitions used for key constructs and variables in empirical research in SE and RE?,0.3833
1126,How can empirical research in Requirements Engineering support the development of new tools and technologies?,How has the proportion of empirical studies evolved over time?,0.3833
1127,What are the best practices for reporting empirical research findings in Requirements Engineering?,How has the reporting of the subjects evolved over time?,0.3833
1128,What are the implications of heterogeneous interventions in empirical studies of Requirements Engineering?,How many empirical studies are by authors working for large software development companies?,0.3833
1129,What are the core empirical methods used in Requirements Engineering research?,How often are which statistical methods used?,0.3832
1130,How can empirical evidence in Requirements Engineering inform decision-making processes in software engineering?,"""How has the proportions of  empirical methods to conduct (systematic literature) reviews, so-called secondary research, evolved over time?""",0.3832
1131,What are the methods for ensuring the transparency and reproducibility of empirical research in Requirements Engineering?,Do the authors use (a common set of empirically derived) criteria to assess the quality of individual studies?,0.3832
1132,Which empirical methods are recommended for synthesizing evidence in Requirements Engineering?,How has the proportion of studies by authors working for large software development companies evolved over time?,0.3832
1133,What are the standards for documenting and sharing empirical research data in Requirements Engineering?,How has the reporting of the objects of study / treatments evolved over time?,0.3831
1134,What are the methods for assessing the impact of empirical studies in Requirements Engineering on industry practices?,"""Do the authors synthesize and present the results as checklists or guidelines applicable for industrial users, such as policy-makers, practitioners, and the general public?""",0.3831
1135,What are the primary research questions addressed by empirical methods in Requirements Engineering studies?,Do the authors synthesize and present the results as checklists or guidelines applicable for industrial users?,0.3829
1136,What are the criteria for selecting appropriate empirical methods for specific research questions in Requirements Engineering?,Do the authors report the selected context of their study with specific characteristics?,0.3828
1137,How can empirical research contribute to the development of standardized practices in Requirements Engineering?,How has the reporting of the tasks evolved over time?,0.3827
1138,What are the criteria for assessing the credibility of empirical research findings in Requirements Engineering?,How many different empirical methods are used per publication?,0.3826
1139,What are the methods for synthesizing empirical evidence from diverse study designs in Requirements Engineering?,How has the reporting of the objects of study / treatments evolved over time?,0.3824
1140,What are the trends in the methodological approaches used in empirical Requirements Engineering research?,How has the reporting of the tasks evolved over time?,0.3823
1141,How can empirical data from multiple studies be effectively integrated in Requirements Engineering research?,How has the reporting of the objects of study / treatments evolved over time?,0.3823
1142,How can empirical research in Requirements Engineering address the challenge of generalizability?,How many empirical studies are by authors working for large software development companies?,0.3822
1143,What are the standards for documenting and sharing empirical research data in Requirements Engineering?,"""How up-to-date (and relevant) are reported (systematic) reviews, so-called secondary research?""",0.3822
1144,What criteria are used to evaluate the quality of empirical studies in Requirements Engineering?,How has the proportion of empirical studies evolved over time?,0.3820
1145,How can empirical research findings in Requirements Engineering be made more accessible to practitioners?,How has the use of (a common set of empirically derived) criteria to assess the quality of individual studies evolved over time?,0.3820
1146,What are the critical research gaps in the empirical study of Requirements Engineering?,How do the authors justify the selection and combination of empirical methods and design elements?,0.3819
1147,What are the guidelines for conducting high-quality empirical studies in Requirements Engineering?,Do the authors use a well defined taxonomy for their research design?,0.3819
1148,What are the key success factors for empirical studies in Requirements Engineering?,How has the proportion of papers that do not have an empirical study evolved over time?,0.3817
1149,How can empirical evidence in Requirements Engineering inform decision-making processes in software engineering?,"""How have the proportions of experiments, secondary research (reviews), surveys, case studies, and action research in the empirical methods used evolved over time?""",0.3817
1150,How can empirical research address the socio-technical aspects of Requirements Engineering?,How has the use of (a common set of empirically derived) criteria to assess the quality of individual studies evolved over time?,0.3815
1151,What are the methods for synthesizing empirical evidence from diverse study designs in Requirements Engineering?,How often are which empirical methods used over time?,0.3815
1152,What are the trends in the methodological approaches used in empirical Requirements Engineering research?,How often are standards used to describe the theories incorporated?,0.3815
1153,What are the methods for assessing the impact of empirical studies in Requirements Engineering on industry practices?,Which methods are used to synthesize evidence from data of different empirical methods?,0.3813
1154,How can empirical research address the socio-technical aspects of Requirements Engineering?,How has the proportion of empirical studies evolved over time?,0.3812
1155,What methods are used to ensure the reliability and validity of empirical data in Requirements Engineering research?,How has the proportion of empirical studies evolved over time?,0.3810
1156,Which empirical methods are recommended for synthesizing evidence in Requirements Engineering?,How often are standards used to describe the theories incorporated?,0.3807
1157,What are the implications of heterogeneous interventions in empirical studies of Requirements Engineering?,"""How has the proportions of  empirical methods to conduct (systematic literature) reviews, so-called secondary research, evolved over time?""",0.3807
1158,How can empirical evidence in Requirements Engineering inform decision-making processes in software engineering?,Which methods are used to synthesize evidence from data of different empirical methods?,0.3806
1159,How can the findings from empirical Requirements Engineering studies be synthesized and communicated to practitioners?,How has the use of (a common set of empirically derived) criteria to characterize the quality of secondary research and thus the overall strength of a body of evidence evolved over time?,0.3806
1160,What is the role of empirical methods in advancing the state-of-the-art in Requirements Engineering?,"""How have the proportions of experiments, secondary research (reviews), surveys, case studies, and action research in the empirical methods used evolved over time?""",0.3805
1161,"In what ways can empirical research methods be integrated into software engineering education, specifically for Requirements Engineering?",Do the authors use (a common set of empirically derived) criteria to assess the quality of individual studies?,0.3805
1162,What are the methods for synthesizing empirical evidence from diverse study designs in Requirements Engineering?,"""How has the provision of data (the materials used, raw data collected, and study results identified) evolved over time?""",0.3803
1163,How can empirical research in Requirements Engineering be used to inform policy-making in software engineering?,"""Do the authors synthesize and present the results as checklists or guidelines applicable for industrial users, such as policy-makers, practitioners, and the general public?""",0.3802
1164,How can the external validity of empirical studies in Requirements Engineering be enhanced?,How has the number of empirical methods used per publication evolved over time?,0.3801
1165,What are the criteria for selecting appropriate empirical methods for specific research questions in Requirements Engineering?,"""For which purpose do authors incorporate theories into their studies (use, testing, modification, formulation)?""",0.3801
1166,What are the criteria for selecting appropriate empirical methods for specific research questions in Requirements Engineering?,How many publications are analyzed in (systematic literature) reviews?,0.3800
1167,How can empirical studies in Requirements Engineering be made more rigorous and impactful?,"""What empirical methods are used to conduct integrative and interpretive (systematic literature) reviews, so-called secondary research?""",0.3800
1168,How can empirical research findings in Requirements Engineering be made more accessible to practitioners?,Do the authors use a well defined taxonomy for their research design?,0.3798
1169,How can empirical research support the development of more effective Requirements Elicitation techniques?,Which sub-fields of SE and RE do the empirical studies cover over time?,0.3798
1170,What are the methods for synthesizing empirical evidence from diverse study designs in Requirements Engineering?,Do the authors use a well defined taxonomy for their research design?,0.3796
1171,How can empirical studies in Requirements Engineering better address the needs of diverse stakeholders?,Which sub-fields of SE and RE do the empirical studies cover over time?,0.3795
1172,How can empirical findings in Requirements Engineering be validated through multiple studies and contexts?,Which methods are used to synthesize evidence from data of different empirical methods?,0.3795
1173,How can empirical methods be used to study the effectiveness of Requirements Management practices?,How has the proportion of studies by authors working for large software development companies evolved over time?,0.3795
1174,What are the common themes in the empirical literature on Requirements Engineering?,How have the proportions of case studies and action research in the empirical methods used evolved over time?,0.3793
1175,How can empirical findings in Requirements Engineering be translated into best practices?,Do the authors synthesize and present the results as checklists or guidelines applicable for industrial users?,0.3792
1176,What are the implications of empirical research for the future of Requirements Engineering as a discipline?,How have the proportions of case studies and action research in the empirical methods used evolved over time?,0.3792
1177,What are the future directions for empirical research in Requirements Engineering?,How has the proportion of studies by authors working for large software development companies evolved over time?,0.3791
1178,How can empirical research in Requirements Engineering be used to inform policy-making in software engineering?,How often are which empirical methods used?,0.3791
1179,How can empirical research in Requirements Engineering be used to inform policy-making in software engineering?,Which sub-fields of SE and RE do the empirical studies cover over time?,0.3791
1180,What are the best practices for reporting empirical research findings in Requirements Engineering?,How has the proportion of empirical studies evolved over time?,0.3790
1181,How can the scope of empirical studies in Requirements Engineering be systematically defined and reported?,How has the use of (a common set of empirically derived) criteria to characterize the quality of secondary research and thus the overall strength of a body of evidence evolved over time?,0.3789
1182,What are the trends in the methodological approaches used in empirical Requirements Engineering research?,How many publications are analyzed in (systematic literature) reviews?,0.3789
1183,What are the best practices for conducting systematic reviews in empirical Requirements Engineering research?,Do the authors report the selected context of their study with specific characteristics?,0.3787
1184,How can empirical research in Requirements Engineering support the development of industry-relevant guidelines and checklists?,"""How have the proportions of experiments, secondary research (reviews), surveys, case studies, and action research in the empirical methods used evolved over time?""",0.3787
1185,How can industry feedback be systematically incorporated into empirical Requirements Engineering research?,How has comparing new approaches with relevant alternative approaches used in the industry evolved over time?,0.3786
1186,What are the key variables studied in empirical Requirements Engineering research?,"""What empirical methods are used to conduct integrative and interpretive (systematic literature) reviews, so-called secondary research?""",0.3785
1187,How can empirical methods be used to study the effectiveness of Requirements Management practices?,Do the authors use (a common set of empirically derived) criteria to assess the quality of individual studies?,0.3785
1188,What are the ethical considerations in conducting empirical research in Requirements Engineering?,Do the authors use (a common set of empirically derived) criteria to assess the quality of individual studies?,0.3785
1189,What are the lessons learned from past empirical studies in Requirements Engineering?,"""What empirical methods are used to conduct integrative and interpretive (systematic literature) reviews, so-called secondary research?""",0.3783
1190,What are the methods for conducting effective surveys in Requirements Engineering research?,"""How has the proportions of  empirical methods to conduct (systematic literature) reviews, so-called secondary research, evolved over time?""",0.3782
1191,What are the criteria for assessing the credibility of empirical research findings in Requirements Engineering?,How has the reporting of research questions and answers evolved over time?,0.3782
1192,How can empirical methods be used to study the effectiveness of Requirements Management practices?,"""How have the proportions of experiments, secondary research (reviews), surveys, case studies, and action research in the empirical methods used evolved over time?""",0.3782
1193,What are the primary research questions addressed by empirical methods in Requirements Engineering studies?,How often are which statistical methods used?,0.3780
1194,How can biases be minimized in empirical studies of Requirements Engineering?,What are the conceptual and operational definitions used for key constructs and variables in empirical research in SE and RE?,0.3780
1195,How can empirical research contribute to the development of standardized practices in Requirements Engineering?,"""How have the proportions of experiments, secondary research (reviews), surveys, case studies, and action research in the empirical methods used evolved over time?""",0.3779
1196,How can the threats to internal and external validity be mitigated in empirical studies of Requirements Engineering?,Do the authors use conceptual and operational definitions for key constructs and variables in empirical research in SE and RE?,0.3779
1197,What mechanisms exist to facilitate industry-academia collaboration in empirical Requirements Engineering research?,How has the proportion of empirical studies evolved over time?,0.3777
1198,What are the primary research questions addressed by empirical methods in Requirements Engineering studies?,"""Do the authors use standards to describe the theories incorporated (used, tested, modified, formulated)?""",0.3776
1199,How can the relevance and impact of empirical studies in Requirements Engineering be increased?,How has the use of (a common set of empirically derived) criteria to assess the quality of individual studies evolved over time?,0.3776
1200,Which empirical methods are most commonly deployed in industry-academia collaborations in Requirements Engineering?,How has the proportion of papers that do not have an empirical study evolved over time?,0.3776
1201,What are the major challenges in applying empirical methods to Requirements Engineering research?,How has comparing new approaches with relevant alternative approaches used in the industry evolved over time?,0.3776
1202,How can empirical data from multiple studies be effectively integrated in Requirements Engineering research?,"""How has the provision of data (the materials used, raw data collected, and study results identified) evolved over time?""",0.3775
1203,What are the methods for ensuring the transparency and reproducibility of empirical research in Requirements Engineering?,How has the proportion of empirical studies evolved over time?,0.3774
1204,How can empirical studies in Requirements Engineering be made more rigorous and impactful?,"""How have the proportions of experiments, secondary research (reviews), surveys, case studies, and action research in the empirical methods used evolved over time?""",0.3774
1205,What are the criteria for assessing the credibility of empirical research findings in Requirements Engineering?,What types of threats to validity do the authors report?,0.3774
1206,What are the methods for synthesizing empirical evidence from diverse study designs in Requirements Engineering?,Do the authors synthesize and present the results as checklists or guidelines applicable for industrial users?,0.3773
1207,How can empirical research in Requirements Engineering contribute to theory building?,How has the use of standards to describe the theories incorporated evolved over time?,0.3773
1208,How can empirical research support the development of more effective Requirements Elicitation techniques?,How often are which empirical methods used over time?,0.3773
1209,How can empirical research in Requirements Engineering support the development of new tools and technologies?,How has the use of (a common set of empirically derived) criteria to characterize the quality of secondary research and thus the overall strength of a body of evidence evolved over time?,0.3772
1210,What are the implications of empirical research for Requirements Engineering education and training?,How has the use of (a common set of empirically derived) criteria to characterize the quality of secondary research and thus the overall strength of a body of evidence evolved over time?,0.3771
1211,What are the methods for conducting effective surveys in Requirements Engineering research?,What are the conceptual and operational definitions used for key constructs and variables in empirical research in SE and RE?,0.3766
1212,How can empirical research in Requirements Engineering support the development of new tools and technologies?,Do the authors use a well defined taxonomy for their research design?,0.3765
1213,How can the threats to internal and external validity be mitigated in empirical studies of Requirements Engineering?,How has the use of conceptual and operational definitions for key constructs and variables evolved over time in empirical research in SE and RE?,0.3765
1214,How can empirical research in Requirements Engineering contribute to improving software development processes?,How has the use of (a common set of empirically derived) criteria to characterize the quality of secondary research and thus the overall strength of a body of evidence evolved over time?,0.3765
1215,What are the best practices for conducting systematic reviews in empirical Requirements Engineering research?,Do the authors synthesize and present the results as checklists or guidelines applicable for industrial users?,0.3764
1216,How can empirical methods be used to evaluate the impact of new Requirements Engineering techniques?,How has the proportion of empirical studies evolved over time?,0.3763
1217,What are the ethical considerations in conducting empirical research in Requirements Engineering?,How has the use of conceptual and operational definitions for key constructs and variables evolved over time in empirical research in SE and RE?,0.3763
1218,What are the best practices for reporting empirical research findings in Requirements Engineering?,How has the reporting of threats to validity evolved over time?,0.3761
1219,What are the methods for evaluating the reliability of empirical data in Requirements Engineering research?,How often are which statistical methods used?,0.3760
1220,What are the future directions for empirical research in Requirements Engineering?,How often are which empirical methods used over time?,0.3760
1221,How can the scope of empirical studies in Requirements Engineering be systematically defined and reported?,How often are which empirical methods used?,0.3758
1222,What are the best practices for reporting empirical research findings in Requirements Engineering?,How often are which empirical methods used?,0.3758
1223,What are the key variables studied in empirical Requirements Engineering research?,"""How has the proportions of  empirical methods to conduct (systematic literature) reviews, so-called secondary research, evolved over time?""",0.3757
1224,How can empirical findings in Requirements Engineering be validated through multiple studies and contexts?,How has the reporting of the context evolved over time?,0.3757
1225,How can the scope of empirical studies in Requirements Engineering be systematically defined and reported?,How many different empirical methods are used per publication?,0.3755
1226,How can empirical research in Requirements Engineering contribute to theory building?,How has the proportion of papers that do not have an empirical study evolved over time?,0.3755
1227,How can empirical research contribute to the development of standardized practices in Requirements Engineering?,How has the use of (a common set of empirically derived) criteria to assess the quality of individual studies evolved over time?,0.3752
1228,What criteria are used to evaluate the quality of empirical studies in Requirements Engineering?,How often are which empirical methods used over time?,0.3752
1229,What are the implications of empirical research for Requirements Engineering education and training?,How has the proportion of studies by authors working for large software development companies evolved over time?,0.3751
1230,What criteria are used to evaluate the quality of empirical studies in Requirements Engineering?,How has the proportion of studies by authors working for large software development companies evolved over time?,0.3751
1231,What are the best practices for reporting empirical research findings in Requirements Engineering?,How has the proportion of studies by authors working for large software development companies evolved over time?,0.3751
1232,What are the guidelines for conducting high-quality empirical studies in Requirements Engineering?,How many different empirical methods are used per publication?,0.3750
1233,How can empirical research contribute to the development of standardized practices in Requirements Engineering?,"""Do the authors synthesize and present the results as checklists or guidelines applicable for industrial users, such as policy-makers, practitioners, and the general public?""",0.3750
1234,How can the external validity of empirical studies in Requirements Engineering be enhanced?,Which methods are used to synthesize evidence from data of different empirical methods?,0.3748
1235,What are the best practices for designing and conducting action research in Requirements Engineering?,What are the conceptual and operational definitions used for key constructs and variables in empirical research in SE and RE?,0.3748
1236,What are the criteria for assessing the credibility of empirical research findings in Requirements Engineering?,How often are which empirical methods used?,0.3748
1237,What are the guidelines for conducting high-quality empirical studies in Requirements Engineering?,How often are standards used to describe the theories incorporated?,0.3746
1238,What are the methods for ensuring the transparency and reproducibility of empirical research in Requirements Engineering?,"""Do the authors synthesize and present the results as checklists or guidelines applicable for industrial users, such as policy-makers, practitioners, and the general public?""",0.3746
1239,How can empirical studies in Requirements Engineering better address the needs of diverse stakeholders?,"""What empirical methods are used to conduct integrative and interpretive (systematic literature) reviews, so-called secondary research?""",0.3745
1240,What are the major challenges in applying empirical methods to Requirements Engineering research?,How has the proportion of papers that do not have an empirical study evolved over time?,0.3744
1241,How can empirical findings in Requirements Engineering be translated into best practices?,Do the authors report the selected context of their study with specific characteristics?,0.3743
1242,How can the reproducibility of empirical studies in Requirements Engineering be ensured?,How has the reporting of the tasks evolved over time?,0.3742
1243,What are the lessons learned from past empirical studies in Requirements Engineering?,How has the reporting of research questions and answers evolved over time?,0.3741
1244,What are the key variables studied in empirical Requirements Engineering research?,Do the authors report the selected context of their study with specific characteristics?,0.3741
1245,How can empirical research address the socio-technical aspects of Requirements Engineering?,How has the reporting of the tasks evolved over time?,0.3740
1246,How can empirical methods guide the development of new SE technology in Requirements Engineering?,How often are which empirical methods used?,0.3738
1247,What are the methods for ensuring the transparency and reproducibility of empirical research in Requirements Engineering?,Do the authors use (a common set of empirically derived) criteria to characterize the quality of secondary research and thus the overall strength of a body of evidence?,0.3737
1248,How can the effectiveness of empirical methods in Requirements Engineering be assessed?,How has the use of (a common set of empirically derived) criteria to characterize the quality of secondary research and thus the overall strength of a body of evidence evolved over time?,0.3737
1249,How can the external validity of empirical studies in Requirements Engineering be enhanced?,How often are which empirical methods used?,0.3735
1250,What are the critical research gaps in the empirical study of Requirements Engineering?,"""How has the proportions of  empirical methods to conduct (systematic literature) reviews, so-called secondary research, evolved over time?""",0.3735
1251,How can the reproducibility of empirical studies in Requirements Engineering be ensured?,"""Do the authors synthesize and present the results as checklists or guidelines applicable for industrial users, such as policy-makers, practitioners, and the general public?""",0.3735
1252,How can empirical findings in Requirements Engineering be translated into best practices?,"""Do the authors synthesize and present the results as checklists or guidelines applicable for industrial users, such as policy-makers, practitioners, and the general public?""",0.3734
1253,What are the best practices for conducting systematic reviews in empirical Requirements Engineering research?,"""Do the authors synthesize and present the results as checklists or guidelines applicable for industrial users, such as policy-makers, practitioners, and the general public?""",0.3734
1254,What are the methods for synthesizing empirical evidence from diverse study designs in Requirements Engineering?,"""How up-to-date (and relevant) are reported (systematic) reviews, so-called secondary research?""",0.3733
1255,How can empirical research in Requirements Engineering contribute to theory building?,Do the authors use a well defined taxonomy for their research design?,0.3732
1256,How can empirical research in Requirements Engineering support the development of industry-relevant guidelines and checklists?,How has the proportion of studies by authors working for large software development companies evolved over time?,0.3731
1257,How can empirical methods guide the development of new SE technology in Requirements Engineering?,"""What empirical methods are used to conduct integrative and interpretive (systematic literature) reviews, so-called secondary research?""",0.3730
1258,What are the ethical considerations in conducting empirical research in Requirements Engineering?,How has the proportion of studies by authors working for large software development companies evolved over time?,0.3729
1259,"In what ways can empirical research methods be integrated into software engineering education, specifically for Requirements Engineering?",How has the proportion of papers that do not have an empirical study evolved over time?,0.3727
1260,What are the core empirical methods used in Requirements Engineering research?,How has the proportion of empirical studies evolved over time?,0.3726
1261,What are the key success factors for empirical studies in Requirements Engineering?,Do the authors use (a common set of empirically derived) criteria to characterize the quality of secondary research and thus the overall strength of a body of evidence?,0.3725
1262,How can empirical research in Requirements Engineering benefit from interdisciplinary approaches?,How has the use of (a common set of empirically derived) criteria to assess the quality of individual studies evolved over time?,0.3724
1263,How can the relevance and impact of empirical studies in Requirements Engineering be increased?,How has the number of empirical methods used per publication evolved over time?,0.3724
1264,How has the use of empirical methods in Requirements Engineering evolved over time?,How often are which statistical methods used?,0.3724
1265,What are the guidelines for conducting high-quality empirical studies in Requirements Engineering?,How often are which empirical methods used?,0.3723
1266,What are the ethical considerations in conducting empirical research in Requirements Engineering?,What types of threats to validity do the authors report?,0.3721
1267,What are the methods for synthesizing empirical evidence from diverse study designs in Requirements Engineering?,How has the reporting of the tasks evolved over time?,0.3720
1268,How can empirical research in Requirements Engineering contribute to improving software development processes?,How has the proportion of papers that do not have an empirical study evolved over time?,0.3720
1269,How can empirical methods be used to evaluate the impact of new Requirements Engineering techniques?,How has the proportion of studies by authors working for large software development companies evolved over time?,0.3719
1270,What are the primary research questions addressed by empirical methods in Requirements Engineering studies?,How has comparing new approaches with relevant alternative approaches used in the industry evolved over time?,0.3719
1271,How can empirical studies support the validation and refinement of Requirements Engineering theories?,Do the authors use a well defined taxonomy for their research design?,0.3719
1272,What are the standards for documenting and sharing empirical research data in Requirements Engineering?,How often are which empirical methods used over time?,0.3718
1273,How can empirical studies support the validation and refinement of Requirements Engineering theories?,How has the incorporation of theories in studies evolved over time?,0.3717
1274,How can biases be minimized in empirical studies of Requirements Engineering?,How has the proportion of empirical studies evolved over time?,0.3717
1275,What are the core empirical methods used in Requirements Engineering research?,Do the authors use (a common set of empirically derived) criteria to characterize the quality of secondary research and thus the overall strength of a body of evidence?,0.3715
1276,Which empirical methods are most commonly deployed in industry-academia collaborations in Requirements Engineering?,"""Do the authors synthesize and present the results as checklists or guidelines applicable for industrial users, such as policy-makers, practitioners, and the general public?""",0.3715
1277,How can the use of empirical methods in Requirements Engineering research be improved?,How has the proportion of papers that do not have an empirical study evolved over time?,0.3715
1278,How can empirical research in Requirements Engineering contribute to theory building?,How has the number of theories from SE and RE evolved over time?,0.3714
1279,What are the ethical considerations in conducting empirical research in Requirements Engineering?,Which sub-fields of SE and RE do the empirical studies cover over time?,0.3714
1280,What are the methods for conducting effective surveys in Requirements Engineering research?,Do the authors use (a common set of empirically derived) criteria to assess the quality of individual studies?,0.3713
1281,How can the scope of empirical studies in Requirements Engineering be systematically defined and reported?,"""Do the authors synthesize and present the results as checklists or guidelines applicable for industrial users, such as policy-makers, practitioners, and the general public?""",0.3712
1282,What are the standards for documenting and sharing empirical research data in Requirements Engineering?,"""Do the authors refer to and consistently use a basic terminology, descriptors, and keywords to identify and select primary studies for (systematic literature) reviews?""",0.3712
1283,How can empirical methods guide the development of new SE technology in Requirements Engineering?,"""How have the proportions of experiments, secondary research (reviews), surveys, case studies, and action research in the empirical methods used evolved over time?""",0.3712
1284,What are the standards for documenting and sharing empirical research data in Requirements Engineering?,How has the proportion of studies by authors working for large software development companies evolved over time?,0.3711
1285,What are the guidelines for conducting high-quality empirical studies in Requirements Engineering?,"""How have the proportions of experiments, secondary research (reviews), surveys, case studies, and action research in the empirical methods used evolved over time?""",0.3710
1286,What are the implications of empirical research for Requirements Engineering education and training?,"""What empirical methods are used to conduct integrative and interpretive (systematic literature) reviews, so-called secondary research?""",0.3710
1287,How can empirical research address the socio-technical aspects of Requirements Engineering?,How has the number of empirical methods used per publication evolved over time?,0.3710
1288,What are the methods for triangulating data in empirical Requirements Engineering studies?,How has the use of (a common set of empirically derived) criteria to characterize the quality of secondary research and thus the overall strength of a body of evidence evolved over time?,0.3709
1289,What are the lessons learned from past empirical studies in Requirements Engineering?,"""How has the provision of data (the materials used, raw data collected, and study results identified) evolved over time?""",0.3708
1290,What are the implications of empirical research for Requirements Engineering education and training?,How often are which empirical methods used?,0.3707
1291,What are the future directions for empirical research in Requirements Engineering?,How has the number of empirical methods used per publication evolved over time?,0.3706
1292,How can empirical research in Requirements Engineering support the development of industry-relevant guidelines and checklists?,How has the use of standards to describe the theories incorporated evolved over time?,0.3706
1293,What are the best practices for reporting empirical research findings in Requirements Engineering?,"""Do the authors refer to and consistently use a basic terminology, descriptors, and keywords to identify and select primary studies for (systematic literature) reviews?""",0.3706
1294,What are the criteria for assessing the credibility of empirical research findings in Requirements Engineering?,Do the authors use a well defined taxonomy for their research design?,0.3704
1295,How can empirical methods guide the development of new SE technology in Requirements Engineering?,Which methods are used to synthesize evidence from data of different empirical methods?,0.3704
1296,How can empirical evidence in Requirements Engineering inform decision-making processes in software engineering?,How has the proportion of empirical studies evolved over time?,0.3702
1297,How can empirical research in Requirements Engineering support the development of new tools and technologies?,How has the reporting of the tasks evolved over time?,0.3700
1298,How can empirical findings in Requirements Engineering be validated through multiple studies and contexts?,How many studies incorporate theories?,0.3700
1299,What are the methods for ensuring the transparency and reproducibility of empirical research in Requirements Engineering?,How has the reporting of research questions and answers evolved over time?,0.3697
1300,What are the key variables studied in empirical Requirements Engineering research?,How has the number of empirical methods used per publication evolved over time?,0.3697
1301,What are the core empirical methods used in Requirements Engineering research?,How has the proportion of studies by authors working for large software development companies evolved over time?,0.3696
1302,How can empirical methods guide the development of new SE technology in Requirements Engineering?,How many different empirical methods are used per publication?,0.3696
1303,What are the methods for ensuring the transparency and reproducibility of empirical research in Requirements Engineering?,How often are which empirical methods used over time?,0.3696
1304,What are the criteria for selecting appropriate empirical methods for specific research questions in Requirements Engineering?,Do authors report that assumptions and limitations of statistical methods are met before using them?,0.3691
1305,How can empirical research in Requirements Engineering benefit from interdisciplinary approaches?,How often are which empirical methods used?,0.3690
1306,How can the relevance and impact of empirical studies in Requirements Engineering be increased?,Do the authors use a well defined taxonomy for their research design?,0.3689
1307,What role do replications play in ensuring the robustness of empirical studies in Requirements Engineering?,Do the authors use (a common set of empirically derived) criteria to characterize the quality of secondary research and thus the overall strength of a body of evidence?,0.3689
1308,How can empirical methods be used to evaluate software requirements specifications?,Do the authors use (a common set of empirically derived) criteria to characterize the quality of secondary research and thus the overall strength of a body of evidence?,0.3687
1309,How can empirical studies support the validation and refinement of Requirements Engineering theories?,Do the authors use (a common set of empirically derived) criteria to assess the quality of individual studies?,0.3687
1310,What are the key challenges in synthesizing qualitative and quantitative data in Requirements Engineering research?,"""How has building on previous research data and results, including from other disciplines, evolved over time?""",0.3686
1311,What criteria are used to evaluate the quality of empirical studies in Requirements Engineering?,How has the proportion of papers that do not have an empirical study evolved over time?,0.3686
1312,What are the implications of empirical research for the future of Requirements Engineering as a discipline?,How has the proportion of papers that do not have an empirical study evolved over time?,0.3686
1313,What role do replications play in ensuring the robustness of empirical studies in Requirements Engineering?,How has the proportion of empirical studies evolved over time?,0.3685
1314,What are the major challenges in applying empirical methods to Requirements Engineering research?,How has the use of (a common set of empirically derived) criteria to assess the quality of individual studies evolved over time?,0.3685
1315,How can empirical studies support the validation and refinement of Requirements Engineering theories?,Do the authors refer to a reference (website or systematic review) that systematizes and characterizes the theory incorporated?,0.3685
1316,What are the criteria for assessing the credibility of empirical research findings in Requirements Engineering?,Do the authors synthesize and present the results as checklists or guidelines applicable for industrial users?,0.3684
1317,How can empirical research in Requirements Engineering address the needs of global software development teams?,"""What empirical methods are used to conduct integrative and interpretive (systematic literature) reviews, so-called secondary research?""",0.3684
1318,How can the constructs and variables used in empirical Requirements Engineering research be defined and operationalized?,"""What empirical methods are used to conduct integrative and interpretive (systematic literature) reviews, so-called secondary research?""",0.3682
1319,How can empirical findings in Requirements Engineering be translated into best practices?,Do the authors use a well defined taxonomy for their research design?,0.3681
1320,How can industry feedback be systematically incorporated into empirical Requirements Engineering research?,How have the proportions of case studies and action research in the empirical methods used evolved over time?,0.3680
1321,How can the reproducibility of empirical studies in Requirements Engineering be ensured?,Do the authors report the selected context of their study with specific characteristics?,0.3679
1322,How can empirical research in Requirements Engineering benefit from interdisciplinary approaches?,How has the proportion of papers that do not have an empirical study evolved over time?,0.3678
1323,How can empirical research address the socio-technical aspects of Requirements Engineering?,Do the authors report the selected context of their study with specific characteristics?,0.3677
1324,What are the methods for synthesizing empirical evidence from diverse study designs in Requirements Engineering?,How has the proportion of pure demonstrations (proof of concept) and simple experience reports (lessons learned) evolved over time?,0.3677
1325,How can empirical research address the socio-technical aspects of Requirements Engineering?,How has the reporting of research questions and answers evolved over time?,0.3674
1326,What mechanisms exist to facilitate industry-academia collaboration in empirical Requirements Engineering research?,"""How have the proportions of experiments, secondary research (reviews), surveys, case studies, and action research in the empirical methods used evolved over time?""",0.3674
1327,What are the methods for ensuring the transparency and reproducibility of empirical research in Requirements Engineering?,"""How has the provision of data (the materials used, raw data collected, and study results identified) evolved over time?""",0.3673
1328,What are the primary research questions addressed by empirical methods in Requirements Engineering studies?,How often are standards used to describe the theories incorporated?,0.3673
1329,What are the guidelines for conducting high-quality empirical studies in Requirements Engineering?,Which methods are used to synthesize evidence from data of different empirical methods?,0.3672
1330,What are the methods for triangulating data in empirical Requirements Engineering studies?,How has the use of (a common set of empirically derived) criteria to assess the quality of individual studies evolved over time?,0.3672
1331,How can empirical research in Requirements Engineering support the development of new tools and technologies?,How has the proportion of papers that do not have an empirical study evolved over time?,0.3671
1332,How can empirical research in Requirements Engineering be used to support continuous improvement in software processes?,How often are which empirical methods used?,0.3670
1333,What are the primary research questions addressed by empirical methods in Requirements Engineering studies?,"""How up-to-date (and relevant) are reported (systematic) reviews, so-called secondary research?""",0.3670
1334,What are the key variables studied in empirical Requirements Engineering research?,"""How have the proportions of experiments, secondary research (reviews), surveys, case studies, and action research in the empirical methods used evolved over time?""",0.3670
1335,How can empirical research in Requirements Engineering support the development of industry-relevant guidelines and checklists?,"""How up-to-date (and relevant) are reported (systematic) reviews, so-called secondary research?""",0.3669
1336,How can empirical research address the socio-technical aspects of Requirements Engineering?,How has the proportion of papers that do not have an empirical study evolved over time?,0.3669
1337,What are the common themes in the empirical literature on Requirements Engineering?,"""How have the proportions of experiments, secondary research (reviews), surveys, case studies, and action research in the empirical methods used evolved over time?""",0.3668
1338,How can the reproducibility of empirical studies in Requirements Engineering be ensured?,How has the proportion of pure demonstrations (proof of concept) and simple experience reports (lessons learned) evolved over time?,0.3668
1339,How can empirical research in Requirements Engineering be used to inform policy-making in software engineering?,How has the proportion of empirical studies evolved over time?,0.3668
1340,"In what ways can empirical research methods be integrated into software engineering education, specifically for Requirements Engineering?",Do the authors use a well defined taxonomy for their research design?,0.3667
1341,What are the implications of empirical research for the future of Requirements Engineering as a discipline?,Do the authors use a well defined taxonomy for their research design?,0.3667
1342,What are the methods for conducting effective surveys in Requirements Engineering research?,"""What empirical methods are used to conduct integrative and interpretive (systematic literature) reviews, so-called secondary research?""",0.3667
1343,How can industry feedback be systematically incorporated into empirical Requirements Engineering research?,"""How up-to-date (and relevant) are reported (systematic) reviews, so-called secondary research?""",0.3667
1344,What are the key success factors for empirical studies in Requirements Engineering?,Which methods are used to synthesize evidence from data of different empirical methods?,0.3666
1345,How can the use of empirical methods in Requirements Engineering research be improved?,Do the authors use (a common set of empirically derived) criteria to characterize the quality of secondary research and thus the overall strength of a body of evidence?,0.3666
1346,What are the common themes in the empirical literature on Requirements Engineering?,"""How has the proportions of  empirical methods to conduct (systematic literature) reviews, so-called secondary research, evolved over time?""",0.3664
1347,How can empirical findings in Requirements Engineering be validated through multiple studies and contexts?,How has the use of theories for a diverse and reflective generalization of study results evolved over time?,0.3663
1348,How can the reproducibility of empirical studies in Requirements Engineering be ensured?,How has the reporting of research questions and answers evolved over time?,0.3663
1349,How can empirical findings in Requirements Engineering be validated through multiple studies and contexts?,"""How up-to-date (and relevant) are reported (systematic) reviews, so-called secondary research?""",0.3663
1350,How can empirical research in Requirements Engineering address the challenge of generalizability?,How have the proportions of case studies and action research in the empirical methods used evolved over time?,0.3661
1351,How can empirical research in Requirements Engineering support the development of industry-relevant guidelines and checklists?,How has the use of (a common set of empirically derived) criteria to characterize the quality of secondary research and thus the overall strength of a body of evidence evolved over time?,0.3660
1352,How can empirical data from multiple studies be effectively integrated in Requirements Engineering research?,How has the use of triangulation for research design evolved over time?,0.3659
1353,What are the critical research gaps in the empirical study of Requirements Engineering?,Which sub-fields of SE and RE do the empirical studies cover over time?,0.3658
1354,What are the methods for synthesizing empirical evidence from diverse study designs in Requirements Engineering?,"""For which purpose do authors incorporate theories into their studies (use, testing, modification, formulation)?""",0.3657
1355,How can empirical data from multiple studies be effectively integrated in Requirements Engineering research?,Do the authors use multiple digital libraries including publications from SE and RE and related disciplines for (systematic literature) reviews?,0.3656
1356,What are the trends in the methodological approaches used in empirical Requirements Engineering research?,How has the use of standards to describe the theories incorporated evolved over time?,0.3656
1357,What are the future directions for empirical research in Requirements Engineering?,How has the proportion of empirical studies evolved over time?,0.3656
1358,What mechanisms exist to facilitate industry-academia collaboration in empirical Requirements Engineering research?,"""Do the authors synthesize and present the results as checklists or guidelines applicable for industrial users, such as policy-makers, practitioners, and the general public?""",0.3655
1359,Which empirical methods are recommended for synthesizing evidence in Requirements Engineering?,Do the authors synthesize and present the results as checklists or guidelines applicable for industrial users?,0.3655
1360,How can the relevance and impact of empirical studies in Requirements Engineering be increased?,Do the authors report the selected context of their study with specific characteristics?,0.3654
1361,What are the implications of empirical research for Requirements Engineering education and training?,How has the use of (a common set of empirically derived) criteria to assess the quality of individual studies evolved over time?,0.3654
1362,How can the relevance and impact of empirical studies in Requirements Engineering be increased?,"""What empirical methods are used to conduct integrative and interpretive (systematic literature) reviews, so-called secondary research?""",0.3653
1363,How can the constructs and variables used in empirical Requirements Engineering research be defined and operationalized?,How often are which empirical methods used over time?,0.3653
1364,How can empirical studies support the validation and refinement of Requirements Engineering theories?,How often are which empirical methods used?,0.3653
1365,How can the scope of empirical studies in Requirements Engineering be systematically defined and reported?,How many publications are analyzed in (systematic literature) reviews?,0.3652
1366,What are the methods for ensuring the transparency and reproducibility of empirical research in Requirements Engineering?,Do the authors synthesize and present the results as checklists or guidelines applicable for industrial users?,0.3651
1367,What are the best practices for reporting empirical research findings in Requirements Engineering?,Do the authors use a well defined taxonomy for their research design?,0.3651
1368,How can empirical methods be used to study the effectiveness of Requirements Management practices?,How has the proportion of papers that do not have an empirical study evolved over time?,0.3648
1369,How can empirical findings in Requirements Engineering be validated through multiple studies and contexts?,Do the authors synthesize and present the results as checklists or guidelines applicable for industrial users?,0.3648
1370,How can the external validity of empirical studies in Requirements Engineering be enhanced?,How has the proportion of papers that do not have an empirical study evolved over time?,0.3647
1371,What are the methods for synthesizing empirical evidence from diverse study designs in Requirements Engineering?,"""Do the authors synthesize and present the results as checklists or guidelines applicable for industrial users, such as policy-makers, practitioners, and the general public?""",0.3647
1372,How can empirical studies in Requirements Engineering be made more rigorous and impactful?,How often are which empirical methods used over time?,0.3646
1373,What are the best practices for conducting systematic reviews in empirical Requirements Engineering research?,"""Do the authors use standards to describe the theories incorporated (used, tested, modified, formulated)?""",0.3646
1374,What are the methods for conducting effective surveys in Requirements Engineering research?,Which sub-fields of SE and RE do the empirical studies cover over time?,0.3646
1375,What role do replications play in ensuring the robustness of empirical studies in Requirements Engineering?,How has the proportion of papers that do not have an empirical study evolved over time?,0.3644
1376,What are the primary research questions addressed by empirical methods in Requirements Engineering studies?,"""Do the authors refer to and consistently use a basic terminology, descriptors, and keywords to identify and select primary studies for (systematic literature) reviews?""",0.3644
1377,What are the lessons learned from past empirical studies in Requirements Engineering?,How often are which empirical methods used over time?,0.3643
1378,What are the criteria for assessing the credibility of empirical research findings in Requirements Engineering?,"""Do the authors synthesize and present the results as checklists or guidelines applicable for industrial users, such as policy-makers, practitioners, and the general public?""",0.3642
1379,How can empirical findings in Requirements Engineering be translated into best practices?,How often are standards used to describe the theories incorporated?,0.3641
1380,What are the guidelines for conducting high-quality empirical studies in Requirements Engineering?,How has the proportion of studies by authors working for large software development companies evolved over time?,0.3641
1381,How can the constructs and variables used in empirical Requirements Engineering research be defined and operationalized?,"""How have the proportions of experiments, secondary research (reviews), surveys, case studies, and action research in the empirical methods used evolved over time?""",0.3641
1382,How can the reproducibility of empirical studies in Requirements Engineering be ensured?,"""How has the provision of data (the materials used, raw data collected, and study results identified) evolved over time?""",0.3640
1383,What are the best practices for reporting empirical research findings in Requirements Engineering?,Do the authors synthesize and present the results as checklists or guidelines applicable for industrial users?,0.3640
1384,How can empirical evidence in Requirements Engineering inform decision-making processes in software engineering?,How has the use of (a common set of empirically derived) criteria to assess the quality of individual studies evolved over time?,0.3640
1385,What role do replications play in ensuring the robustness of empirical studies in Requirements Engineering?,Which sub-fields of SE and RE do the empirical studies cover over time?,0.3640
1386,How can empirical studies support the validation and refinement of Requirements Engineering theories?,How many theories from the SE and RE are there?,0.3637
1387,What are the guidelines for conducting high-quality empirical studies in Requirements Engineering?,Do the authors report the selected context of their study with specific characteristics?,0.3637
1388,What are the best practices for conducting systematic reviews in empirical Requirements Engineering research?,How often are standards used to describe the theories incorporated?,0.3636
1389,How can the reproducibility of empirical studies in Requirements Engineering be ensured?,"""How up-to-date (and relevant) are reported (systematic) reviews, so-called secondary research?""",0.3636
1390,What are the primary research questions addressed by empirical methods in Requirements Engineering studies?,How many publications are analyzed in (systematic literature) reviews?,0.3636
1391,How can empirical research in Requirements Engineering support the development of industry-relevant guidelines and checklists?,"""Do the authors use standards to describe the theories incorporated (used, tested, modified, formulated)?""",0.3636
1392,How can empirical findings in Requirements Engineering be validated through multiple studies and contexts?,"""Do the authors refer to and consistently use a basic terminology, descriptors, and keywords to identify and select primary studies for (systematic literature) reviews?""",0.3635
1393,What are the methods for conducting effective surveys in Requirements Engineering research?,Do the authors use a well defined taxonomy for their research design?,0.3635
1394,What are the best practices for designing and conducting action research in Requirements Engineering?,Do the authors use a well defined taxonomy for their research design?,0.3634
1395,What are the criteria for assessing the credibility of empirical research findings in Requirements Engineering?,"""How has the provision of data (the materials used, raw data collected, and study results identified) evolved over time?""",0.3634
1396,How can the constructs and variables used in empirical Requirements Engineering research be defined and operationalized?,Which sub-fields of SE and RE do the empirical studies cover over time?,0.3633
1397,What are the guidelines for conducting high-quality empirical studies in Requirements Engineering?,Do the authors synthesize and present the results as checklists or guidelines applicable for industrial users?,0.3633
1398,What are the criteria for selecting appropriate empirical methods for specific research questions in Requirements Engineering?,"""Do the authors refer to and consistently use a basic terminology, descriptors, and keywords to identify and select primary studies for (systematic literature) reviews?""",0.3632
1399,"In what ways can empirical research methods be integrated into software engineering education, specifically for Requirements Engineering?",How often are which statistical methods used?,0.3632
1400,How can empirical research findings in Requirements Engineering be made more accessible to practitioners?,"""Do the authors synthesize and present the results as checklists or guidelines applicable for industrial users, such as policy-makers, practitioners, and the general public?""",0.3632
1401,How do empirical studies in Requirements Engineering integrate quantitative and qualitative approaches?,How has the use of (a common set of empirically derived) criteria to assess the quality of individual studies evolved over time?,0.3632
1402,How can empirical research contribute to the development of standardized practices in Requirements Engineering?,How many different empirical methods are used per publication?,0.3630
1403,How can empirical research support the development of more effective Requirements Elicitation techniques?,How has comparing new approaches with relevant alternative approaches used in the industry evolved over time?,0.3630
1404,How can empirical research in Requirements Engineering contribute to theory building?,How many theories from the SE and RE are there?,0.3628
1405,What are the methods for ensuring the transparency and reproducibility of empirical research in Requirements Engineering?,How many publications are analyzed in (systematic literature) reviews?,0.3627
1406,What are the methods for conducting effective surveys in Requirements Engineering research?,How has the proportion of studies by authors working for large software development companies evolved over time?,0.3627
1407,Which empirical methods are recommended for synthesizing evidence in Requirements Engineering?,How many publications are analyzed in (systematic literature) reviews?,0.3627
1408,What mechanisms exist to facilitate industry-academia collaboration in empirical Requirements Engineering research?,"""What empirical methods are used to conduct integrative and interpretive (systematic literature) reviews, so-called secondary research?""",0.3626
1409,How can the findings from empirical Requirements Engineering studies be synthesized and communicated to practitioners?,How has the proportion of empirical studies evolved over time?,0.3622
1410,How can biases be minimized in empirical studies of Requirements Engineering?,"""How have the proportions of experiments, secondary research (reviews), surveys, case studies, and action research in the empirical methods used evolved over time?""",0.3622
1411,How can empirical research in Requirements Engineering be used to inform policy-making in software engineering?,Which methods are used to synthesize evidence from data of different empirical methods?,0.3621
1412,What role do replications play in ensuring the robustness of empirical studies in Requirements Engineering?,"""What empirical methods are used to conduct integrative and interpretive (systematic literature) reviews, so-called secondary research?""",0.3621
1413,"In what ways can empirical research methods be integrated into software engineering education, specifically for Requirements Engineering?",How has the use of (a common set of empirically derived) criteria to characterize the quality of secondary research and thus the overall strength of a body of evidence evolved over time?,0.3620
1414,How can the threats to internal and external validity be mitigated in empirical studies of Requirements Engineering?,How do the authors justify the selection and combination of empirical methods and design elements?,0.3618
1415,What are the lessons learned from past empirical studies in Requirements Engineering?,How has the reporting of the context evolved over time?,0.3618
1416,How can the external validity of empirical studies in Requirements Engineering be enhanced?,Do the authors use a well defined taxonomy for their research design?,0.3617
1417,What are the implications of empirical research for the future of Requirements Engineering as a discipline?,How has the proportion of studies by authors working for large software development companies evolved over time?,0.3616
1418,How can the reproducibility of empirical studies in Requirements Engineering be ensured?,How has the reporting of the objects of study / treatments evolved over time?,0.3615
1419,Which empirical methods are recommended for synthesizing evidence in Requirements Engineering?,How has the proportion of papers that do not have an empirical study evolved over time?,0.3615
1420,How can biases be minimized in empirical studies of Requirements Engineering?,Do the authors use conceptual and operational definitions for key constructs and variables in empirical research in SE and RE?,0.3615
1421,How can the reproducibility of empirical studies in Requirements Engineering be ensured?,How many publications are analyzed in (systematic literature) reviews?,0.3615
1422,Which empirical methods are recommended for synthesizing evidence in Requirements Engineering?,"""For which purpose do authors incorporate theories into their studies (use, testing, modification, formulation)?""",0.3612
1423,What are the standards for documenting and sharing empirical research data in Requirements Engineering?,Which digital libraries with publications from SE and RE and related disciplines do authors use for (systematic literature) reviews?,0.3610
1424,What is the role of empirical methods in advancing the state-of-the-art in Requirements Engineering?,How has the proportion of empirical studies evolved over time?,0.3609
1425,What are the guidelines for conducting high-quality empirical studies in Requirements Engineering?,How many publications are analyzed in (systematic literature) reviews?,0.3609
1426,How can the constructs and variables used in empirical Requirements Engineering research be defined and operationalized?,How has the use of (a common set of empirically derived) criteria to assess the quality of individual studies evolved over time?,0.3609
1427,What are the methods for assessing the impact of empirical studies in Requirements Engineering on industry practices?,Do the authors use a well defined taxonomy for their research design?,0.3607
1428,What role do replications play in ensuring the robustness of empirical studies in Requirements Engineering?,How many different empirical methods are used per publication?,0.3607
1429,What are the critical research gaps in the empirical study of Requirements Engineering?,How have the proportions of case studies and action research in the empirical methods used evolved over time?,0.3606
1430,What role do replications play in ensuring the robustness of empirical studies in Requirements Engineering?,How has the reporting of the tasks evolved over time?,0.3605
1431,How can the scope of empirical studies in Requirements Engineering be systematically defined and reported?,How has the reporting of the tasks evolved over time?,0.3605
1432,What are the best practices for designing and conducting action research in Requirements Engineering?,"""How have the proportions of experiments, secondary research (reviews), surveys, case studies, and action research in the empirical methods used evolved over time?""",0.3604
1433,What are the trends in the methodological approaches used in empirical Requirements Engineering research?,"""How has the provision of data (the materials used, raw data collected, and study results identified) evolved over time?""",0.3602
1434,How can empirical findings in Requirements Engineering be translated into best practices?,How has the use of (a common set of empirically derived) criteria to assess the quality of individual studies evolved over time?,0.3602
1435,What are the implications of empirical research for the future of Requirements Engineering as a discipline?,"""How have the proportions of experiments, secondary research (reviews), surveys, case studies, and action research in the empirical methods used evolved over time?""",0.3601
1436,How can industry feedback be systematically incorporated into empirical Requirements Engineering research?,How has the reporting of the tasks evolved over time?,0.3601
1437,What are the methods for evaluating the reliability of empirical data in Requirements Engineering research?,How has the proportion of empirical studies evolved over time?,0.3600
1438,How can empirical methods be used to evaluate the impact of new Requirements Engineering techniques?,How has the proportion of papers that do not have an empirical study evolved over time?,0.3600
1439,What are the guidelines for conducting high-quality empirical studies in Requirements Engineering?,"""Do the authors use standards to describe the theories incorporated (used, tested, modified, formulated)?""",0.3600
1440,What are the methods for conducting effective surveys in Requirements Engineering research?,Which methods are used to synthesize evidence from data of different empirical methods?,0.3600
1441,How has the use of empirical methods in Requirements Engineering evolved over time?,How often are standards used to describe the theories incorporated?,0.3599
1442,What are the key success factors for empirical studies in Requirements Engineering?,Do the authors report the selected context of their study with specific characteristics?,0.3597
1443,How can empirical findings in Requirements Engineering be translated into best practices?,How often are which empirical methods used?,0.3597
1444,What are the lessons learned from past empirical studies in Requirements Engineering?,"""How has building on previous research data and results, including from other disciplines, evolved over time?""",0.3597
1445,How can empirical data from multiple studies be effectively integrated in Requirements Engineering research?,"""Do the authors refer to and consistently use a basic terminology, descriptors, and keywords to identify and select primary studies for (systematic literature) reviews?""",0.3597
1446,How can empirical findings in Requirements Engineering be validated through multiple studies and contexts?,"""For which purpose do authors incorporate theories into their studies (use, testing, modification, formulation)?""",0.3596
1447,Which empirical methods are recommended for synthesizing evidence in Requirements Engineering?,"""How up-to-date (and relevant) are reported (systematic) reviews, so-called secondary research?""",0.3595
1448,How can empirical studies support the validation and refinement of Requirements Engineering theories?,How has the number of empirical methods used per publication evolved over time?,0.3593
1449,How can empirical findings in Requirements Engineering be validated through multiple studies and contexts?,How often are which empirical methods used over time?,0.3592
1450,How can empirical evidence in Requirements Engineering inform decision-making processes in software engineering?,Do the authors synthesize and present the results as checklists or guidelines applicable for industrial users?,0.3592
1451,What are the methods for assessing the impact of empirical studies in Requirements Engineering on industry practices?,Do the authors use (a common set of empirically derived) criteria to characterize the quality of secondary research and thus the overall strength of a body of evidence?,0.3592
1452,What are the criteria for selecting appropriate empirical methods for specific research questions in Requirements Engineering?,How has the proportion of papers that do not have an empirical study evolved over time?,0.3591
1453,How do empirical studies in Requirements Engineering integrate quantitative and qualitative approaches?,How has the proportion of studies by authors working for large software development companies evolved over time?,0.3590
1454,How can empirical studies support the validation and refinement of Requirements Engineering theories?,How has the proportion of empirical studies evolved over time?,0.3589
1455,What methods are used to ensure the reliability and validity of empirical data in Requirements Engineering research?,How has the proportion of papers that do not have an empirical study evolved over time?,0.3589
1456,What are the implications of heterogeneous interventions in empirical studies of Requirements Engineering?,"""What empirical methods are used to conduct integrative and interpretive (systematic literature) reviews, so-called secondary research?""",0.3588
1457,What methods are used to ensure the reliability and validity of empirical data in Requirements Engineering research?,How has the proportion of studies by authors working for large software development companies evolved over time?,0.3588
1458,How can empirical studies in Requirements Engineering be made more rigorous and impactful?,Do the authors use (a common set of empirically derived) criteria to assess the quality of individual studies?,0.3587
1459,What are the methods for synthesizing empirical evidence from diverse study designs in Requirements Engineering?,How often are standards used to describe the theories incorporated?,0.3587
1460,How can empirical studies support the validation and refinement of Requirements Engineering theories?,Do the authors synthesize and present the results as checklists or guidelines applicable for industrial users?,0.3586
1461,What are the core empirical methods used in Requirements Engineering research?,Do the authors report the selected context of their study with specific characteristics?,0.3585
1462,What are the key challenges in synthesizing qualitative and quantitative data in Requirements Engineering research?,How many empirical studies are by authors working for large software development companies?,0.3584
1463,What are the methods for synthesizing empirical evidence from diverse study designs in Requirements Engineering?,How has the reporting of research questions and answers evolved over time?,0.3583
1464,What are the ethical considerations in conducting empirical research in Requirements Engineering?,How has the use of (a common set of empirically derived) criteria to assess the quality of individual studies evolved over time?,0.3582
1465,What are the methods for assessing the impact of empirical studies in Requirements Engineering on industry practices?,How has the reporting of the tasks evolved over time?,0.3582
1466,How can empirical research address the socio-technical aspects of Requirements Engineering?,How has the use of (a common set of empirically derived) criteria to characterize the quality of secondary research and thus the overall strength of a body of evidence evolved over time?,0.3582
1467,How can empirical evidence in Requirements Engineering inform decision-making processes in software engineering?,Do the authors use (a common set of empirically derived) criteria to characterize the quality of secondary research and thus the overall strength of a body of evidence?,0.3582
1468,Which empirical methods are most commonly deployed in industry-academia collaborations in Requirements Engineering?,How often are standards used to describe the theories incorporated?,0.3581
1469,What are the best practices for conducting systematic reviews in empirical Requirements Engineering research?,Which sub-fields of SE and RE do the empirical studies cover over time?,0.3581
1470,What are the best practices for reporting empirical research findings in Requirements Engineering?,Have the authors done a systematic review of related work?,0.3580
1471,How can empirical research in Requirements Engineering be used to inform policy-making in software engineering?,How has the number of empirical methods used per publication evolved over time?,0.3580
1472,How can the findings from empirical Requirements Engineering studies be synthesized and communicated to practitioners?,"""Do the authors use standards to describe the theories incorporated (used, tested, modified, formulated)?""",0.3579
1473,How can empirical findings in Requirements Engineering be translated into best practices?,"""How have the proportions of experiments, secondary research (reviews), surveys, case studies, and action research in the empirical methods used evolved over time?""",0.3579
1474,What are the standards for documenting and sharing empirical research data in Requirements Engineering?,Do the authors report the selected context of their study with specific characteristics?,0.3578
1475,What are the methods for evaluating the reliability of empirical data in Requirements Engineering research?,How has the proportion of papers that do not have an empirical study evolved over time?,0.3577
1476,What are the criteria for selecting appropriate empirical methods for specific research questions in Requirements Engineering?,How has the reporting of research questions and answers evolved over time?,0.3575
1477,How can biases be minimized in empirical studies of Requirements Engineering?,How has the use of conceptual and operational definitions for key constructs and variables evolved over time in empirical research in SE and RE?,0.3575
1478,Which empirical methods are recommended for synthesizing evidence in Requirements Engineering?,How many studies incorporate theories?,0.3574
1479,What are the methods for synthesizing empirical evidence from diverse study designs in Requirements Engineering?,Have the authors done a systematic review of related work?,0.3572
1480,What are the primary research questions addressed by empirical methods in Requirements Engineering studies?,How has the reporting of research questions and answers evolved over time?,0.3571
1481,What are the methods for assessing the impact of empirical studies in Requirements Engineering on industry practices?,Have the authors done a systematic review of related work?,0.3568
1482,How can biases be minimized in empirical studies of Requirements Engineering?,"""How has the proportions of  empirical methods to conduct (systematic literature) reviews, so-called secondary research, evolved over time?""",0.3567
1483,What are the criteria for assessing the credibility of empirical research findings in Requirements Engineering?,How has the proportion of studies by authors working for large software development companies evolved over time?,0.3567
1484,How can empirical research findings in Requirements Engineering be made more accessible to practitioners?,How has comparing new approaches with relevant alternative approaches used in the industry evolved over time?,0.3567
1485,How can empirical research contribute to the development of standardized practices in Requirements Engineering?,Do the authors synthesize and present the results as checklists or guidelines applicable for industrial users?,0.3566
1486,What are the trends in the methodological approaches used in empirical Requirements Engineering research?,How has the reporting of research questions and answers evolved over time?,0.3565
1487,How can empirical research in Requirements Engineering benefit from interdisciplinary approaches?,How has the use of triangulation for research design evolved over time?,0.3563
1488,How can empirical research in Requirements Engineering support the development of industry-relevant guidelines and checklists?,How often are standards used to describe the theories incorporated?,0.3563
1489,How can the findings from empirical Requirements Engineering studies be synthesized and communicated to practitioners?,Do the authors use (a common set of empirically derived) criteria to characterize the quality of secondary research and thus the overall strength of a body of evidence?,0.3563
1490,How can empirical research in Requirements Engineering be used to inform policy-making in software engineering?,Do the authors use a well defined taxonomy for their research design?,0.3561
1491,What are the lessons learned from past empirical studies in Requirements Engineering?,How has comparing new approaches with relevant alternative approaches used in the industry evolved over time?,0.3560
1492,How can empirical research support the development of more effective Requirements Elicitation techniques?,Do the authors use (a common set of empirically derived) criteria to characterize the quality of secondary research and thus the overall strength of a body of evidence?,0.3559
1493,How can empirical methods be used to study the effectiveness of Requirements Management practices?,How has the reporting of the tasks evolved over time?,0.3558
1494,What are the methods for triangulating data in empirical Requirements Engineering studies?,"""How has the provision of data (the materials used, raw data collected, and study results identified) evolved over time?""",0.3557
1495,What is the role of empirical methods in advancing the state-of-the-art in Requirements Engineering?,How has the use of (a common set of empirically derived) criteria to characterize the quality of secondary research and thus the overall strength of a body of evidence evolved over time?,0.3557
1496,What are the standards for documenting and sharing empirical research data in Requirements Engineering?,How has the proportion of empirical studies evolved over time?,0.3557
1497,How can empirical research in Requirements Engineering be used to support continuous improvement in software processes?,"""How have the proportions of experiments, secondary research (reviews), surveys, case studies, and action research in the empirical methods used evolved over time?""",0.3556
1498,How can empirical research in Requirements Engineering be used to support continuous improvement in software processes?,Which sub-fields of SE and RE do the empirical studies cover over time?,0.3556
1499,How can empirical studies in Requirements Engineering better address the needs of diverse stakeholders?,Do the authors report the selected context of their study with specific characteristics?,0.3556
1500,What methods are used to ensure the reliability and validity of empirical data in Requirements Engineering research?,How many publications are analyzed in (systematic literature) reviews?,0.3556
1501,How can empirical research in Requirements Engineering contribute to improving software development processes?,Which methods are used to synthesize evidence from data of different empirical methods?,0.3555
1502,What are the lessons learned from past empirical studies in Requirements Engineering?,How has the proportion of pure demonstrations (proof of concept) and simple experience reports (lessons learned) evolved over time?,0.3555
1503,How can empirical research in Requirements Engineering be used to support continuous improvement in software processes?,How often are which empirical methods used over time?,0.3555
1504,How can empirical research in Requirements Engineering contribute to improving software development processes?,How has the use of (a common set of empirically derived) criteria to assess the quality of individual studies evolved over time?,0.3554
1505,How can empirical research findings in Requirements Engineering be made more accessible to practitioners?,Do the authors synthesize and present the results as checklists or guidelines applicable for industrial users?,0.3552
1506,What is the role of empirical methods in advancing the state-of-the-art in Requirements Engineering?,How has the proportion of papers that do not have an empirical study evolved over time?,0.3550
1507,How can empirical findings in Requirements Engineering be translated into best practices?,Do the authors use (a common set of empirically derived) criteria to assess the quality of individual studies?,0.3550
1508,How can biases be minimized in empirical studies of Requirements Engineering?,How has the use of (a common set of empirically derived) criteria to characterize the quality of secondary research and thus the overall strength of a body of evidence evolved over time?,0.3550
1509,What criteria are used to evaluate the quality of empirical studies in Requirements Engineering?, How do the authors justify the lack of a proper study?,0.3549
1510,How can empirical research in Requirements Engineering support the development of new tools and technologies?,How has comparing new approaches with relevant alternative approaches used in the industry evolved over time?,0.3548
1511,What are the key variables studied in empirical Requirements Engineering research?,How often are which empirical methods used over time?,0.3548
1512,How can empirical research address the socio-technical aspects of Requirements Engineering?,"""How has the provision of data (the materials used, raw data collected, and study results identified) evolved over time?""",0.3548
1513,How can empirical research contribute to the development of standardized practices in Requirements Engineering?,Which sub-fields of SE and RE do the empirical studies cover over time?,0.3548
1514,What are the guidelines for conducting high-quality empirical studies in Requirements Engineering?,"""Do the authors synthesize and present the results as checklists or guidelines applicable for industrial users, such as policy-makers, practitioners, and the general public?""",0.3547
1515,What are the core empirical methods used in Requirements Engineering research?,Do the authors use a well defined taxonomy for their research design?,0.3547
1516,How can empirical research findings in Requirements Engineering be made more accessible to practitioners?,"""How has building on previous research data and results, including from other disciplines, evolved over time?""",0.3547
1517,Which empirical methods are recommended for synthesizing evidence in Requirements Engineering?,How often are which statistical methods used?,0.3547
1518,What are the common themes in the empirical literature on Requirements Engineering?,Do the authors use a well defined taxonomy for their research design?,0.3546
1519,What criteria are used to evaluate the quality of empirical studies in Requirements Engineering?,"""Do the authors use standards to describe the theories incorporated (used, tested, modified, formulated)?""",0.3546
1520,How can empirical research findings in Requirements Engineering be made more accessible to practitioners?,"""How up-to-date (and relevant) are reported (systematic) reviews, so-called secondary research?""",0.3545
1521,How can the use of empirical methods in Requirements Engineering research be improved?,Do the authors use a well defined taxonomy for their research design?,0.3544
1522,How can empirical research in Requirements Engineering contribute to theory building?,What is the proportion of each of the three levels of sophistication for theories from SE and RE?,0.3544
1523,What are the ethical considerations in conducting empirical research in Requirements Engineering?,Do the authors report the selected context of their study with specific characteristics?,0.3544
1524,What are the criteria for assessing the credibility of empirical research findings in Requirements Engineering?,"""Do the authors refer to and consistently use a basic terminology, descriptors, and keywords to identify and select primary studies for (systematic literature) reviews?""",0.3542
1525,How can the effectiveness of empirical methods in Requirements Engineering be assessed?,Do the authors use (a common set of empirically derived) criteria to characterize the quality of secondary research and thus the overall strength of a body of evidence?,0.3542
1526,How can the effectiveness of empirical methods in Requirements Engineering be assessed?,How has the proportion of empirical studies evolved over time?,0.3541
1527,How can empirical methods be used to evaluate software requirements specifications?,Which sub-fields of SE and RE do the empirical studies cover over time?,0.3541
1528,How can empirical research in Requirements Engineering contribute to theory building?,How often are which empirical methods used?,0.3541
1529,How can the findings from empirical Requirements Engineering studies be synthesized and communicated to practitioners?,"""How has the provision of data (the materials used, raw data collected, and study results identified) evolved over time?""",0.3540
1530,How can empirical methods be used to study the effectiveness of Requirements Management practices?,How often are which statistical methods used?,0.3538
1531,What are the criteria for selecting appropriate empirical methods for specific research questions in Requirements Engineering?,How has comparing new approaches with relevant alternative approaches used in the industry evolved over time?,0.3537
1532,What are the methods for evaluating the reliability of empirical data in Requirements Engineering research?,How many publications are analyzed in (systematic literature) reviews?,0.3535
1533,How can the findings from empirical Requirements Engineering studies be synthesized and communicated to practitioners?,How has the reporting of the tasks evolved over time?,0.3534
1534,How can empirical research in Requirements Engineering contribute to theory building?,How has the proportion of each of the three levels of sophistication for theories from SE and RE evolved over time?,0.3534
1535,What are the future directions for empirical research in Requirements Engineering?,Which methods are used to synthesize evidence from data of different empirical methods?,0.3534
1536,How can the relevance and impact of empirical studies in Requirements Engineering be increased?,How has the reporting of the tasks evolved over time?,0.3532
1537,How can empirical research in Requirements Engineering be used to support continuous improvement in software processes?,How has the number of empirical methods used per publication evolved over time?,0.3530
1538,What are the criteria for selecting appropriate empirical methods for specific research questions in Requirements Engineering?,How has the proportion of studies by authors working for large software development companies evolved over time?,0.3529
1539,How can empirical research contribute to the development of standardized practices in Requirements Engineering?,How often are which empirical methods used?,0.3529
1540,What are the methods for assessing the impact of empirical studies in Requirements Engineering on industry practices?,"""How up-to-date (and relevant) are reported (systematic) reviews, so-called secondary research?""",0.3529
1541,How can empirical research in Requirements Engineering support the development of industry-relevant guidelines and checklists?,How many publications are analyzed in (systematic literature) reviews?,0.3529
1542,How can empirical research in Requirements Engineering be used to support continuous improvement in software processes?,Which methods are used to synthesize evidence from data of different empirical methods?,0.3528
1543,What are the key challenges in synthesizing qualitative and quantitative data in Requirements Engineering research?,How has the reporting of the tasks evolved over time?,0.3527
1544,What are the best practices for designing and conducting action research in Requirements Engineering?,"""What empirical methods are used to conduct integrative and interpretive (systematic literature) reviews, so-called secondary research?""",0.3527
1545,How can the findings from empirical Requirements Engineering studies be synthesized and communicated to practitioners?,How has the proportion of papers that do not have an empirical study evolved over time?,0.3526
1546,Which empirical methods are recommended for synthesizing evidence in Requirements Engineering?,"""How has the provision of data (the materials used, raw data collected, and study results identified) evolved over time?""",0.3526
1547,What methods are used to ensure the reliability and validity of empirical data in Requirements Engineering research?,Do authors report that assumptions and limitations of statistical methods are met before using them?,0.3525
1548,Which empirical methods are most commonly deployed in industry-academia collaborations in Requirements Engineering?,How has the use of (a common set of empirically derived) criteria to assess the quality of individual studies evolved over time?,0.3524
1549,What are the criteria for selecting appropriate empirical methods for specific research questions in Requirements Engineering?,Do the authors synthesize and present the results as checklists or guidelines applicable for industrial users?,0.3524
1550,How can industry feedback be systematically incorporated into empirical Requirements Engineering research?,How has the proportion of studies by authors working for large software development companies evolved over time?,0.3524
1551,Which empirical methods are recommended for synthesizing evidence in Requirements Engineering?,Do the authors report the selected context of their study with specific characteristics?,0.3522
1552,What are the implications of empirical research for Requirements Engineering education and training?,Do the authors use (a common set of empirically derived) criteria to assess the quality of individual studies?,0.3522
1553,How can the external validity of empirical studies in Requirements Engineering be enhanced?,"""How up-to-date (and relevant) are reported (systematic) reviews, so-called secondary research?""",0.3521
1554,What are the standards for documenting and sharing empirical research data in Requirements Engineering?,How has the reporting of the tasks evolved over time?,0.3521
1555,How can empirical research in Requirements Engineering contribute to improving software development processes?,How has the reporting of the tasks evolved over time?,0.3521
1556,How can empirical data from multiple studies be effectively integrated in Requirements Engineering research?,How often are which statistical methods used?,0.3517
1557,How can the scope of empirical studies in Requirements Engineering be systematically defined and reported?,How has the proportion of papers that do not have an empirical study evolved over time?,0.3517
1558,How has the use of empirical methods in Requirements Engineering evolved over time?,How has the reporting of research questions and answers evolved over time?,0.3517
1559,How can the scope of empirical studies in Requirements Engineering be systematically defined and reported?,Do the authors synthesize and present the results as checklists or guidelines applicable for industrial users?,0.3516
1560,What are the best practices for conducting systematic reviews in empirical Requirements Engineering research?,How often are which empirical methods used over time?,0.3515
1561,What are the common themes in the empirical literature on Requirements Engineering?,Do the authors report the selected context of their study with specific characteristics?,0.3515
1562,"How can empirical methods in Requirements Engineering be adapted to address complex, real-world problems?","""How has the proportions of  empirical methods to conduct (systematic literature) reviews, so-called secondary research, evolved over time?""",0.3515
1563,What methods are used to ensure the reliability and validity of empirical data in Requirements Engineering research?,Do the authors synthesize and present the results as checklists or guidelines applicable for industrial users?,0.3515
1564,How can empirical studies in Requirements Engineering be made more rigorous and impactful?,How has comparing new approaches with relevant alternative approaches used in the industry evolved over time?,0.3513
1565,What are the future directions for empirical research in Requirements Engineering?,How many different empirical methods are used per publication?,0.3513
1566,How can empirical methods guide the development of new SE technology in Requirements Engineering?,How often are which empirical methods used over time?,0.3512
1567,How can empirical research in Requirements Engineering contribute to improving software development processes?,How often are which empirical methods used?,0.3512
1568,How can empirical studies in Requirements Engineering be made more rigorous and impactful?,Which methods are used to synthesize evidence from data of different empirical methods?,0.3511
1569,What are the trends in the methodological approaches used in empirical Requirements Engineering research?,Do the authors use (a common set of empirically derived) criteria to assess the quality of individual studies?,0.3511
1570,How can empirical data from multiple studies be effectively integrated in Requirements Engineering research?,How has the reporting of the tasks evolved over time?,0.3511
1571,How can empirical findings in Requirements Engineering be translated into best practices?,Which methods are used to synthesize evidence from data of different empirical methods?,0.3510
1572,What is the role of empirical methods in advancing the state-of-the-art in Requirements Engineering?,How has the proportion of studies by authors working for large software development companies evolved over time?,0.3509
1573,What are the ethical considerations in conducting empirical research in Requirements Engineering?,How do the authors justify preventing bias in the study results?,0.3509
1574,What are the core empirical methods used in Requirements Engineering research?,How often are standards used to describe the theories incorporated?,0.3509
1575,What are the future directions for empirical research in Requirements Engineering?,How has the proportion of papers that do not have an empirical study evolved over time?,0.3509
1576,What are the implications of empirical research for the future of Requirements Engineering as a discipline?,How has the number of empirical methods used per publication evolved over time?,0.3508
1577,What are the implications of empirical research for Requirements Engineering education and training?,Do the authors report the selected context of their study with specific characteristics?,0.3508
1578,What are the implications of empirical research for Requirements Engineering education and training?,How has the number of empirical methods used per publication evolved over time?,0.3508
1579,What are the implications of empirical research for the future of Requirements Engineering as a discipline?,"""What empirical methods are used to conduct integrative and interpretive (systematic literature) reviews, so-called secondary research?""",0.3507
1580,How has the use of empirical methods in Requirements Engineering evolved over time?,How has the use of triangulation for research design evolved over time?,0.3507
1581,What are the best practices for reporting empirical research findings in Requirements Engineering?,How often are which empirical methods used over time?,0.3507
1582,How can empirical research in Requirements Engineering be used to inform policy-making in software engineering?,How has the use of (a common set of empirically derived) criteria to characterize the quality of secondary research and thus the overall strength of a body of evidence evolved over time?,0.3505
1583,How do empirical studies in Requirements Engineering integrate quantitative and qualitative approaches?,Do the authors use (a common set of empirically derived) criteria to assess the quality of individual studies?,0.3505
1584,What are the implications of heterogeneous interventions in empirical studies of Requirements Engineering?,"""How have the proportions of experiments, secondary research (reviews), surveys, case studies, and action research in the empirical methods used evolved over time?""",0.3505
1585,How can empirical research findings in Requirements Engineering be made more accessible to practitioners?,How often are which empirical methods used?,0.3504
1586,What are the best practices for reporting empirical research findings in Requirements Engineering?,"""Do the authors synthesize and present the results as checklists or guidelines applicable for industrial users, such as policy-makers, practitioners, and the general public?""",0.3504
1587,How can empirical evidence in Requirements Engineering inform decision-making processes in software engineering?,How has the reporting of the tasks evolved over time?,0.3503
1588,How can empirical research support the development of more effective Requirements Elicitation techniques?,How has the proportion of studies by authors working for large software development companies evolved over time?,0.3502
1589,What are the trends in the methodological approaches used in empirical Requirements Engineering research?,Do the authors synthesize and present the results as checklists or guidelines applicable for industrial users?,0.3502
1590,What criteria are used to evaluate the quality of empirical studies in Requirements Engineering?,Do the authors synthesize and present the results as checklists or guidelines applicable for industrial users?,0.3501
1591,How can empirical research in Requirements Engineering be used to inform policy-making in software engineering?,How often are which empirical methods used over time?,0.3501
1592,What are the methods for synthesizing empirical evidence from diverse study designs in Requirements Engineering?,"""Do the authors refer to and consistently use a basic terminology, descriptors, and keywords to identify and select primary studies for (systematic literature) reviews?""",0.3500
1593,How can empirical research contribute to the development of standardized practices in Requirements Engineering?,Do the authors use (a common set of empirically derived) criteria to assess the quality of individual studies?,0.3500
1594,What are the methods for conducting effective surveys in Requirements Engineering research?,How has the use of (a common set of empirically derived) criteria to characterize the quality of secondary research and thus the overall strength of a body of evidence evolved over time?,0.3500
1595,What are the best practices for reporting empirical research findings in Requirements Engineering?,How has the proportion of papers that do not have an empirical study evolved over time?,0.3499
1596,How can empirical research contribute to the development of standardized practices in Requirements Engineering?,Do the authors use (a common set of empirically derived) criteria to characterize the quality of secondary research and thus the overall strength of a body of evidence?,0.3498
1597,What are the considerations for designing controlled experiments in Requirements Engineering?,Do the authors synthesize and present the results as checklists or guidelines applicable for industrial users?,0.3498
1598,How can the reproducibility of empirical studies in Requirements Engineering be ensured?,How often are standards used to describe the theories incorporated?,0.3498
1599,What are the criteria for selecting appropriate empirical methods for specific research questions in Requirements Engineering?,"""How has the provision of data (the materials used, raw data collected, and study results identified) evolved over time?""",0.3498
1600,What are the critical success factors for industry-academia research collaborations in Requirements Engineering?,How has comparing new approaches with relevant alternative approaches used in the industry evolved over time?,0.3497
1601,How can empirical methods be used to evaluate software requirements specifications?,"""How have the proportions of experiments, secondary research (reviews), surveys, case studies, and action research in the empirical methods used evolved over time?""",0.3497
1602,How can the scope of empirical studies in Requirements Engineering be systematically defined and reported?,Do the authors use (a common set of empirically derived) criteria to characterize the quality of secondary research and thus the overall strength of a body of evidence?,0.3496
1603,What are the methods for synthesizing empirical evidence from diverse study designs in Requirements Engineering?,Does the research design allow for efficient reuse of study (results) by other researchers?,0.3495
1604,How can empirical findings in Requirements Engineering be translated into best practices?,How has the use of (a common set of empirically derived) criteria to characterize the quality of secondary research and thus the overall strength of a body of evidence evolved over time?,0.3493
1605,What are the common challenges encountered in conducting empirical case studies in Requirements Engineering?,How has the proportion of empirical studies evolved over time?,0.3491
1606,How can the scope of empirical studies in Requirements Engineering be systematically defined and reported?,How often are standards used to describe the theories incorporated?,0.3490
1607,How can empirical research address the socio-technical aspects of Requirements Engineering?,How often are which empirical methods used?,0.3488
1608,What are the core empirical methods used in Requirements Engineering research?,How has the proportion of papers that do not have an empirical study evolved over time?,0.3488
1609,What mechanisms exist to facilitate industry-academia collaboration in empirical Requirements Engineering research?,How has the proportion of papers that do not have an empirical study evolved over time?,0.3487
1610,What are the trends in the methodological approaches used in empirical Requirements Engineering research?,"""Do the authors synthesize and present the results as checklists or guidelines applicable for industrial users, such as policy-makers, practitioners, and the general public?""",0.3487
1611,What are the criteria for assessing the credibility of empirical research findings in Requirements Engineering?,How often are standards used to describe the theories incorporated?,0.3486
1612,How can empirical research support the development of more effective Requirements Elicitation techniques?,How has the proportion of empirical studies evolved over time?,0.3486
1613,How can empirical research contribute to the development of standardized practices in Requirements Engineering?,How has comparing new approaches with relevant alternative approaches used in the industry evolved over time?,0.3486
1614,How can empirical research in Requirements Engineering address the needs of global software development teams?,"""How have the proportions of experiments, secondary research (reviews), surveys, case studies, and action research in the empirical methods used evolved over time?""",0.3483
1615,How can empirical research in Requirements Engineering support the development of new tools and technologies?,How has the reporting of research questions and answers evolved over time?,0.3483
1616,What are the methods for conducting effective surveys in Requirements Engineering research?,Do the authors synthesize and present the results as checklists or guidelines applicable for industrial users?,0.3483
1617,What are the core empirical methods used in Requirements Engineering research?,How many publications are analyzed in (systematic literature) reviews?,0.3482
1618,What are the critical research gaps in the empirical study of Requirements Engineering?, How do the authors justify the lack of a proper study?,0.3481
1619,How can the constructs and variables used in empirical Requirements Engineering research be defined and operationalized?,How often are standards used to describe the theories incorporated?,0.3481
1620,How can empirical studies in Requirements Engineering be made more rigorous and impactful?,How has the reporting of the tasks evolved over time?,0.3481
1621,What are the guidelines for conducting high-quality empirical studies in Requirements Engineering?,How has the number of empirical methods used per publication evolved over time?,0.3480
1622,What are the key success factors for empirical studies in Requirements Engineering?,How many publications are analyzed in (systematic literature) reviews?,0.3480
1623,How can empirical research contribute to the development of standardized practices in Requirements Engineering?,How has the proportion of empirical studies evolved over time?,0.3480
1624,How do empirical studies in Requirements Engineering integrate quantitative and qualitative approaches?,Do the authors use a well defined taxonomy for their research design?,0.3480
1625,What are the common challenges encountered in conducting empirical case studies in Requirements Engineering?,How often are which empirical methods used?,0.3480
1626,What are the primary research questions addressed by empirical methods in Requirements Engineering studies?,"""How has building on previous research data and results, including from other disciplines, evolved over time?""",0.3478
1627,How can empirical research findings in Requirements Engineering be made more accessible to practitioners?,"""How has the provision of data (the materials used, raw data collected, and study results identified) evolved over time?""",0.3478
1628,How can empirical research in Requirements Engineering benefit from interdisciplinary approaches?,How has the use of theories for a diverse and reflective generalization of study results evolved over time?,0.3476
1629,What are the implications of empirical research for Requirements Engineering education and training?,Do the authors use (a common set of empirically derived) criteria to characterize the quality of secondary research and thus the overall strength of a body of evidence?,0.3473
1630,What are the criteria for assessing the credibility of empirical research findings in Requirements Engineering?,"""Do the authors use standards to describe the theories incorporated (used, tested, modified, formulated)?""",0.3473
1631,How can empirical findings in Requirements Engineering be validated through multiple studies and contexts?,How has the proportion of papers that do not have an empirical study evolved over time?,0.3472
1632,What is the role of empirical methods in advancing the state-of-the-art in Requirements Engineering?,How has the reporting of the tasks evolved over time?,0.3472
1633,How can empirical studies support the validation and refinement of Requirements Engineering theories?,Do the authors report the selected context of their study with specific characteristics?,0.3472
1634,How can empirical findings in Requirements Engineering be translated into best practices?,How has the proportion of studies by authors working for large software development companies evolved over time?,0.3471
1635,How has the use of empirical methods in Requirements Engineering evolved over time?,How has the reporting of the context evolved over time?,0.3470
1636,What are the implications of empirical research for Requirements Engineering education and training?, How do the authors justify the lack of a proper study?,0.3470
1637,What are the lessons learned from past empirical studies in Requirements Engineering?,How has the reporting of the subjects evolved over time?,0.3470
1638,How can empirical research in Requirements Engineering address the challenge of generalizability?,"""How has the proportions of  empirical methods to conduct (systematic literature) reviews, so-called secondary research, evolved over time?""",0.3470
1639,How can empirical studies in Requirements Engineering be made more rigorous and impactful?,How many different empirical methods are used per publication?,0.3469
1640,What are the criteria for selecting appropriate empirical methods for specific research questions in Requirements Engineering?,"""How up-to-date (and relevant) are reported (systematic) reviews, so-called secondary research?""",0.3469
1641,How can the findings from empirical Requirements Engineering studies be synthesized and communicated to practitioners?,How often are which empirical methods used over time?,0.3468
1642,What are the methods for conducting effective surveys in Requirements Engineering research?,How often are which empirical methods used?,0.3467
1643,How can the constructs and variables used in empirical Requirements Engineering research be defined and operationalized?,How has the use of standards to describe the theories incorporated evolved over time?,0.3466
1644,How can biases be minimized in empirical studies of Requirements Engineering?,How has the proportion of papers that do not have an empirical study evolved over time?,0.3465
1645,How can the external validity of empirical studies in Requirements Engineering be enhanced?,How many different empirical methods are used per publication?,0.3465
1646,How can empirical research in Requirements Engineering address the needs of global software development teams?,Do the authors use a well defined taxonomy for their research design?,0.3464
1647,How can empirical research in Requirements Engineering address the needs of global software development teams?,Which sub-fields of SE and RE do the empirical studies cover over time?,0.3463
1648,How can empirical research in Requirements Engineering support the development of new tools and technologies?,How many different empirical methods are used per publication?,0.3463
1649,What are the methods for ensuring the transparency and reproducibility of empirical research in Requirements Engineering?,How has the proportion of papers that do not have an empirical study evolved over time?,0.3463
1650,How can empirical research support the development of more effective Requirements Elicitation techniques?,How has the use of (a common set of empirically derived) criteria to assess the quality of individual studies evolved over time?,0.3462
1651,What are the ethical considerations in conducting empirical research in Requirements Engineering?, How do the authors justify the lack of a proper study?,0.3459
1652,How can empirical research findings in Requirements Engineering be made more accessible to practitioners?,How has the use of theories for a diverse and reflective generalization of study results evolved over time?,0.3459
1653,How can the external validity of empirical studies in Requirements Engineering be enhanced?,How often are which empirical methods used over time?,0.3458
1654,How can empirical research findings in Requirements Engineering be made more accessible to practitioners?,How many publications are analyzed in (systematic literature) reviews?,0.3458
1655,How can the threats to internal and external validity be mitigated in empirical studies of Requirements Engineering?,How has the use of (a common set of empirically derived) criteria to characterize the quality of secondary research and thus the overall strength of a body of evidence evolved over time?,0.3456
1656,How can empirical evidence in Requirements Engineering inform decision-making processes in software engineering?,Do the authors report the selected context of their study with specific characteristics?,0.3456
1657,What are the methods for assessing the impact of empirical studies in Requirements Engineering on industry practices?,How has the reporting of research questions and answers evolved over time?,0.3454
1658,What are the lessons learned from past empirical studies in Requirements Engineering?,How has the reporting of the setting evolved over time?,0.3454
1659,How can empirical research in Requirements Engineering contribute to theory building?,Which methods are used to synthesize evidence from data of different empirical methods?,0.3453
1660,How can empirical findings in Requirements Engineering be validated through multiple studies and contexts?,"""Do the authors synthesize and present the results as checklists or guidelines applicable for industrial users, such as policy-makers, practitioners, and the general public?""",0.3453
1661,What are the common challenges encountered in conducting empirical case studies in Requirements Engineering?,How has the number of empirical methods used per publication evolved over time?,0.3452
1662,What are the standards for documenting and sharing empirical research data in Requirements Engineering?,Does the research design allow for efficient reuse of study (results) by other researchers?,0.3452
1663,What are the implications of heterogeneous interventions in empirical studies of Requirements Engineering?,Do the authors report the selected context of their study with specific characteristics?,0.3452
1664,What are the best practices for reporting empirical research findings in Requirements Engineering?,What types of threats to validity do the authors report?,0.3451
1665,How can empirical findings in Requirements Engineering be translated into best practices?,How many different empirical methods are used per publication?,0.3450
1666,How can empirical studies in Requirements Engineering better address the needs of diverse stakeholders?,"""How have the proportions of experiments, secondary research (reviews), surveys, case studies, and action research in the empirical methods used evolved over time?""",0.3450
1667,Which empirical methods are recommended for synthesizing evidence in Requirements Engineering?,"""Do the authors synthesize and present the results as checklists or guidelines applicable for industrial users, such as policy-makers, practitioners, and the general public?""",0.3449
1668,What are the methods for synthesizing empirical evidence from diverse study designs in Requirements Engineering?,How has comparing new approaches with relevant alternative approaches used in the industry evolved over time?,0.3449
1669,How can empirical methods guide the development of new SE technology in Requirements Engineering?,How has the reporting of the tasks evolved over time?,0.3447
1670,How can empirical research address the socio-technical aspects of Requirements Engineering?,Do the authors use (a common set of empirically derived) criteria to assess the quality of individual studies?,0.3447
1671,How can empirical evidence in Requirements Engineering inform decision-making processes in software engineering?,How has the number of empirical methods used per publication evolved over time?,0.3446
1672,What are the best practices for conducting systematic reviews in empirical Requirements Engineering research?,How has the proportion of studies by authors working for large software development companies evolved over time?,0.3446
1673,How can the findings from empirical Requirements Engineering studies be synthesized and communicated to practitioners?,How many publications are analyzed in (systematic literature) reviews?,0.3445
1674,What are the guidelines for conducting high-quality empirical studies in Requirements Engineering?,"""How up-to-date (and relevant) are reported (systematic) reviews, so-called secondary research?""",0.3445
1675,What is the role of empirical methods in advancing the state-of-the-art in Requirements Engineering?,How has the use of (a common set of empirically derived) criteria to assess the quality of individual studies evolved over time?,0.3445
1676,How can empirical research in Requirements Engineering support the development of new tools and technologies?,"""How has the provision of data (the materials used, raw data collected, and study results identified) evolved over time?""",0.3445
1677,What methods are used to ensure the reliability and validity of empirical data in Requirements Engineering research?,"""How has the provision of data (the materials used, raw data collected, and study results identified) evolved over time?""",0.3444
1678,What are the trends in the methodological approaches used in empirical Requirements Engineering research?,Do the authors report the selected context of their study with specific characteristics?,0.3443
1679,How can empirical data from multiple studies be effectively integrated in Requirements Engineering research?,How has the use of theories for a diverse and reflective generalization of study results evolved over time?,0.3443
1680,How can the external validity of empirical studies in Requirements Engineering be enhanced?,"""For which purpose do authors incorporate theories into their studies (use, testing, modification, formulation)?""",0.3442
1681,What are the common themes in the empirical literature on Requirements Engineering?,"""What empirical methods are used to conduct integrative and interpretive (systematic literature) reviews, so-called secondary research?""",0.3442
1682,What are the lessons learned from past empirical studies in Requirements Engineering?,How has the reporting of the objects of study / treatments evolved over time?,0.3441
1683,How can the scope of empirical studies in Requirements Engineering be systematically defined and reported?,How often are which empirical methods used over time?,0.3440
1684,What are the major challenges in applying empirical methods to Requirements Engineering research?,Do the authors use (a common set of empirically derived) criteria to assess the quality of individual studies?,0.3440
1685,How can empirical findings in Requirements Engineering be translated into best practices?,How has the number of empirical methods used per publication evolved over time?,0.3438
1686,What are the key variables studied in empirical Requirements Engineering research?,How has the proportion of studies by authors working for large software development companies evolved over time?,0.3438
1687,How can the scope of empirical studies in Requirements Engineering be systematically defined and reported?,How has the reporting of research questions and answers evolved over time?,0.3437
1688,How can empirical data from multiple studies be effectively integrated in Requirements Engineering research?,How has the reporting of the subjects evolved over time?,0.3436
1689,Which empirical methods are most commonly deployed in industry-academia collaborations in Requirements Engineering?,How many publications are analyzed in (systematic literature) reviews?,0.3434
1690,How can industry feedback be systematically incorporated into empirical Requirements Engineering research?,How has the reporting of research questions and answers evolved over time?,0.3434
1691,How can empirical research contribute to the development of standardized practices in Requirements Engineering?,How has the proportion of papers that do not have an empirical study evolved over time?,0.3433
1692,How can empirical research in Requirements Engineering support the development of new tools and technologies?,How often are which empirical methods used?,0.3433
1693,How can the effectiveness of empirical methods in Requirements Engineering be assessed?,How has the proportion of papers that do not have an empirical study evolved over time?,0.3433
1694,What are the methods for ensuring the transparency and reproducibility of empirical research in Requirements Engineering?,How has the reporting of the objects of study / treatments evolved over time?,0.3432
1695,How can the relevance and impact of empirical studies in Requirements Engineering be increased?,Do the authors use (a common set of empirically derived) criteria to assess the quality of individual studies?,0.3432
1696,What are the standards for documenting and sharing empirical research data in Requirements Engineering?,"""How has building on previous research data and results, including from other disciplines, evolved over time?""",0.3431
1697,How can empirical findings in Requirements Engineering be translated into best practices?,"""Do the authors use standards to describe the theories incorporated (used, tested, modified, formulated)?""",0.3431
1698,What role do replications play in ensuring the robustness of empirical studies in Requirements Engineering?,How has the use of (a common set of empirically derived) criteria to assess the quality of individual studies evolved over time?,0.3429
1699,How can empirical methods be used to evaluate the impact of new Requirements Engineering techniques?,Do the authors use (a common set of empirically derived) criteria to assess the quality of individual studies?,0.3426
1700,What are the key variables studied in empirical Requirements Engineering research?,Which methods are used to synthesize evidence from data of different empirical methods?,0.3426
1701,How can the external validity of empirical studies in Requirements Engineering be enhanced?,How has the reporting of threats to validity evolved over time?,0.3426
1702,How can empirical research in Requirements Engineering benefit from interdisciplinary approaches?,Which methods are used to synthesize evidence from data of different empirical methods?,0.3426
1703,What are the methods for ensuring the transparency and reproducibility of empirical research in Requirements Engineering?,How has the reporting of the tasks evolved over time?,0.3426
1704,What are the criteria for selecting appropriate empirical methods for specific research questions in Requirements Engineering?,"""Do the authors use standards to describe the theories incorporated (used, tested, modified, formulated)?""",0.3425
1705,What are the methods for conducting effective surveys in Requirements Engineering research?,How often are which statistical methods used?,0.3424
1706,How can empirical studies support the validation and refinement of Requirements Engineering theories?,How has comparing new approaches with relevant alternative approaches used in the industry evolved over time?,0.3421
1707,How can empirical methods be used to evaluate the impact of new Requirements Engineering techniques?,How has the reporting of the tasks evolved over time?,0.3421
1708,How can biases be minimized in empirical studies of Requirements Engineering?,How has the use of (a common set of empirically derived) criteria to assess the quality of individual studies evolved over time?,0.3421
1709,How can empirical methods be used to evaluate software requirements specifications?,How often are standards used to describe the theories incorporated?,0.3420
1710,How can the findings from empirical Requirements Engineering studies be synthesized and communicated to practitioners?,How often are standards used to describe the theories incorporated?,0.3420
1711,What are the critical success factors for industry-academia research collaborations in Requirements Engineering?,How have the proportions of case studies and action research in the empirical methods used evolved over time?,0.3419
1712,What are the common themes in the empirical literature on Requirements Engineering?,How has the proportion of studies by authors working for large software development companies evolved over time?,0.3419
1713,How can empirical research findings in Requirements Engineering be made more accessible to practitioners?,How has the proportion of pure demonstrations (proof of concept) and simple experience reports (lessons learned) evolved over time?,0.3418
1714,Which empirical methods are most commonly deployed in industry-academia collaborations in Requirements Engineering?,How has the use of statistical methods evolved over time?,0.3418
1715,What are the major challenges in applying empirical methods to Requirements Engineering research?,Do the authors use a well defined taxonomy for their research design?,0.3417
1716,What are the methods for triangulating data in empirical Requirements Engineering studies?,Do the authors use (a common set of empirically derived) criteria to assess the quality of individual studies?,0.3417
1717,How can empirical research findings in Requirements Engineering be made more accessible to practitioners?,How has the reporting of the objects of study / treatments evolved over time?,0.3417
1718,What are the standards for documenting and sharing empirical research data in Requirements Engineering?,"""Do electronic resources (digital libraries and databases) provide all the functionalies that support the identification, selection, and retrieval of bibliographic and full-text information about SE research?""",0.3415
1719,What are the critical research gaps in the empirical study of Requirements Engineering?,"""What empirical methods are used to conduct integrative and interpretive (systematic literature) reviews, so-called secondary research?""",0.3415
1720,What are the critical success factors for industry-academia research collaborations in Requirements Engineering?,Do the authors synthesize and present the results as checklists or guidelines applicable for industrial users?,0.3414
1721,How can empirical research in Requirements Engineering benefit from interdisciplinary approaches?,How has the use of (a common set of empirically derived) criteria to characterize the quality of secondary research and thus the overall strength of a body of evidence evolved over time?,0.3414
1722,How can empirical research address the socio-technical aspects of Requirements Engineering?,Do the authors synthesize and present the results as checklists or guidelines applicable for industrial users?,0.3410
1723,What are the major challenges in applying empirical methods to Requirements Engineering research?,Do the authors use (a common set of empirically derived) criteria to characterize the quality of secondary research and thus the overall strength of a body of evidence?,0.3410
1724,What criteria are used to evaluate the quality of empirical studies in Requirements Engineering?,How often are standards used to describe the theories incorporated?,0.3409
1725,How can the reproducibility of empirical studies in Requirements Engineering be ensured?,How has the use of standards to describe the theories incorporated evolved over time?,0.3408
1726,What are the methods for conducting effective surveys in Requirements Engineering research?,How has the reporting of the tasks evolved over time?,0.3408
1727,How can empirical studies support the validation and refinement of Requirements Engineering theories?,"""How has the proportion of theories from other disciplines, from other disciplines with adaptions for the SE (RE), and from SE (RE) itself evolved over time?""",0.3407
1728,Which empirical methods are most commonly deployed in industry-academia collaborations in Requirements Engineering?,Do the authors use (a common set of empirically derived) criteria to assess the quality of individual studies?,0.3406
1729,What mechanisms exist to facilitate industry-academia collaboration in empirical Requirements Engineering research?,Do the authors synthesize and present the results as checklists or guidelines applicable for industrial users?,0.3405
1730,How can empirical research in Requirements Engineering benefit from interdisciplinary approaches?,Do the authors use (a common set of empirically derived) criteria to assess the quality of individual studies?,0.3404
1731,What are the best practices for conducting systematic reviews in empirical Requirements Engineering research?,How has comparing new approaches with relevant alternative approaches used in the industry evolved over time?,0.3404
1732,What are the lessons learned from past empirical studies in Requirements Engineering?,How often are which empirical methods used?,0.3403
1733,How can empirical research address the socio-technical aspects of Requirements Engineering?,"""Do the authors synthesize and present the results as checklists or guidelines applicable for industrial users, such as policy-makers, practitioners, and the general public?""",0.3403
1734,How can empirical studies support the validation and refinement of Requirements Engineering theories?,"""Do the authors synthesize and present the results as checklists or guidelines applicable for industrial users, such as policy-makers, practitioners, and the general public?""",0.3402
1735,What are the implications of empirical research for Requirements Engineering education and training?,How often are which empirical methods used over time?,0.3402
1736,What are the lessons learned from past empirical studies in Requirements Engineering?,"""Do the authors synthesize and present the results as checklists or guidelines applicable for industrial users, such as policy-makers, practitioners, and the general public?""",0.3402
1737,What are the common challenges encountered in conducting empirical case studies in Requirements Engineering?,How has the proportion of papers that do not have an empirical study evolved over time?,0.3401
1738,How can empirical research findings in Requirements Engineering be made more accessible to practitioners?,Do the authors use (a common set of empirically derived) criteria to characterize the quality of secondary research and thus the overall strength of a body of evidence?,0.3400
1739,How can the external validity of empirical studies in Requirements Engineering be enhanced?, How do the authors justify the lack of a proper study?,0.3400
1740,What are the future directions for empirical research in Requirements Engineering?,Do the authors use a well defined taxonomy for their research design?,0.3400
1741,Which empirical methods are most commonly deployed in industry-academia collaborations in Requirements Engineering?,How has the use of (a common set of empirically derived) criteria to characterize the quality of secondary research and thus the overall strength of a body of evidence evolved over time?,0.3400
1742,Which empirical methods are recommended for synthesizing evidence in Requirements Engineering?,Do authors report that assumptions and limitations of statistical methods are met before using them?,0.3399
1743,What are the lessons learned from past empirical studies in Requirements Engineering?,Do the authors report the selected context of their study with specific characteristics?,0.3399
1744,"In what ways can empirical research methods be integrated into software engineering education, specifically for Requirements Engineering?",How has the use of statistical methods evolved over time?,0.3398
1745,What are the lessons learned from past empirical studies in Requirements Engineering?,"""How up-to-date (and relevant) are reported (systematic) reviews, so-called secondary research?""",0.3398
1746,What are the methods for conducting effective surveys in Requirements Engineering research?,How has the reporting of research questions and answers evolved over time?,0.3398
1747,How can the external validity of empirical studies in Requirements Engineering be enhanced?,Do the authors synthesize and present the results as checklists or guidelines applicable for industrial users?,0.3397
1748,Which empirical methods are recommended for synthesizing evidence in Requirements Engineering?,"""Do the authors use standards to describe the theories incorporated (used, tested, modified, formulated)?""",0.3397
1749,What are the implications of heterogeneous interventions in empirical studies of Requirements Engineering?,Which sub-fields of SE and RE do the empirical studies cover over time?,0.3397
1750,How can empirical research in Requirements Engineering benefit from interdisciplinary approaches?,How often are which empirical methods used over time?,0.3397
1751,What are the lessons learned from past empirical studies in Requirements Engineering?,How often are standards used to describe the theories incorporated?,0.3395
1752,How can empirical findings in Requirements Engineering be validated through multiple studies and contexts?,How often are standards used to describe the theories incorporated?,0.3395
1753,How can empirical methods be used to evaluate the impact of new Requirements Engineering techniques?,Do the authors use (a common set of empirically derived) criteria to characterize the quality of secondary research and thus the overall strength of a body of evidence?,0.3394
1754,What are the implications of empirical research for the future of Requirements Engineering as a discipline?,How often are which empirical methods used?,0.3393
1755,How can empirical studies support the validation and refinement of Requirements Engineering theories?,What is the proportion of each of the three levels of sophistication for theories from SE and RE?,0.3392
1756,How can empirical research in Requirements Engineering be used to inform policy-making in software engineering?,How has the use of (a common set of empirically derived) criteria to assess the quality of individual studies evolved over time?,0.3392
1757,"In what ways can empirical research methods be integrated into software engineering education, specifically for Requirements Engineering?",How many publications are analyzed in (systematic literature) reviews?,0.3390
1758,How can empirical research in Requirements Engineering be used to support continuous improvement in software processes?,How has the reporting of the tasks evolved over time?,0.3389
1759,How can empirical research in Requirements Engineering be used to support continuous improvement in software processes?,How has comparing new approaches with relevant alternative approaches used in the industry evolved over time?,0.3389
1760,How can empirical evidence in Requirements Engineering inform decision-making processes in software engineering?,How often are which empirical methods used?,0.3388
1761,What are the key success factors for empirical studies in Requirements Engineering?,Do the authors synthesize and present the results as checklists or guidelines applicable for industrial users?,0.3388
1762,How can empirical research in Requirements Engineering support the development of new tools and technologies?,How has the use of (a common set of empirically derived) criteria to assess the quality of individual studies evolved over time?,0.3387
1763,How can empirical studies in Requirements Engineering better address the needs of diverse stakeholders?,How has comparing new approaches with relevant alternative approaches used in the industry evolved over time?,0.3387
1764,What are the best practices for reporting empirical research findings in Requirements Engineering?,How often are standards used to describe the theories incorporated?,0.3386
1765,What are the common themes in the empirical literature on Requirements Engineering?,How has the reporting of the tasks evolved over time?,0.3384
1766,What are the methods for assessing the impact of empirical studies in Requirements Engineering on industry practices?,How has the reporting of the objects of study / treatments evolved over time?,0.3384
1767,What are the best practices for designing and conducting action research in Requirements Engineering?,Do the authors use conceptual and operational definitions for key constructs and variables in empirical research in SE and RE?,0.3383
1768,What are the key variables studied in empirical Requirements Engineering research?,How has the use of (a common set of empirically derived) criteria to assess the quality of individual studies evolved over time?,0.3383
1769,What are the common themes in the empirical literature on Requirements Engineering?,How often are standards used to describe the theories incorporated?,0.3382
1770,How can empirical findings in Requirements Engineering be translated into best practices?,How has the use of standards to describe the theories incorporated evolved over time?,0.3381
1771,How can the relevance and impact of empirical studies in Requirements Engineering be increased?,Do the authors use (a common set of empirically derived) criteria to characterize the quality of secondary research and thus the overall strength of a body of evidence?,0.3381
1772,How can empirical findings in Requirements Engineering be validated through multiple studies and contexts?,"""How has building on previous research data and results, including from other disciplines, evolved over time?""",0.3381
1773,What mechanisms exist to facilitate industry-academia collaboration in empirical Requirements Engineering research?,Do the authors use other channels to publish their results for making them available to industrial users?,0.3380
1774,How can empirical research in Requirements Engineering contribute to theory building?,Do the authors refer to a reference (website or systematic review) that systematizes and characterizes the theory incorporated?,0.3380
1775,What are the future directions for empirical research in Requirements Engineering?,How has the reporting of the tasks evolved over time?,0.3379
1776,How can the scope of empirical studies in Requirements Engineering be systematically defined and reported?,"""How up-to-date (and relevant) are reported (systematic) reviews, so-called secondary research?""",0.3378
1777,How can empirical research in Requirements Engineering contribute to theory building?,Do the authors use (a common set of empirically derived) criteria to characterize the quality of secondary research and thus the overall strength of a body of evidence?,0.3378
1778,How can empirical research address the socio-technical aspects of Requirements Engineering?,How often are which empirical methods used over time?,0.3377
1779,What are the trends in the methodological approaches used in empirical Requirements Engineering research?,"""For which purpose do authors incorporate theories into their studies (use, testing, modification, formulation)?""",0.3376
1780,How can empirical research in Requirements Engineering contribute to theory building?,"""How has the proportion of theories from other disciplines, from other disciplines with adaptions for the SE (RE), and from SE (RE) itself evolved over time?""",0.3376
1781,What are the implications of heterogeneous interventions in empirical studies of Requirements Engineering?,Do the authors use a well defined taxonomy for their research design?,0.3376
1782,How can empirical research in Requirements Engineering support the development of industry-relevant guidelines and checklists?,How has the use of (a common set of empirically derived) criteria to assess the quality of individual studies evolved over time?,0.3374
1783,How has the use of empirical methods in Requirements Engineering evolved over time?,"""How has building on previous research data and results, including from other disciplines, evolved over time?""",0.3374
1784,How can empirical evidence in Requirements Engineering inform decision-making processes in software engineering?,Do the authors use (a common set of empirically derived) criteria to assess the quality of individual studies?,0.3373
1785,What are the implications of heterogeneous interventions in empirical studies of Requirements Engineering?,"""Do the authors synthesize and present the results as checklists or guidelines applicable for industrial users, such as policy-makers, practitioners, and the general public?""",0.3372
1786,How can empirical studies in Requirements Engineering be made more rigorous and impactful?,Do the authors use (a common set of empirically derived) criteria to characterize the quality of secondary research and thus the overall strength of a body of evidence?,0.3372
1787,What are the ethical considerations in conducting empirical research in Requirements Engineering?,Do the authors synthesize and present the results as checklists or guidelines applicable for industrial users?,0.3371
1788,What mechanisms exist to facilitate industry-academia collaboration in empirical Requirements Engineering research?,How has the reporting of research questions and answers evolved over time?,0.3369
1789,How can empirical research in Requirements Engineering support the development of new tools and technologies?,How often are which empirical methods used over time?,0.3369
1790,What are the criteria for selecting appropriate empirical methods for specific research questions in Requirements Engineering?,How has the use of statistical methods evolved over time?,0.3369
1791,What are the key success factors for empirical studies in Requirements Engineering?,How has the reporting of the tasks evolved over time?,0.3369
1792,What are the best practices for conducting systematic reviews in empirical Requirements Engineering research?,How has the reporting of research questions and answers evolved over time?,0.3369
1793,What are the guidelines for conducting high-quality empirical studies in Requirements Engineering?, How do the authors justify the lack of a proper study?,0.3368
1794,How can empirical research address the socio-technical aspects of Requirements Engineering?,"""How has building on previous research data and results, including from other disciplines, evolved over time?""",0.3368
1795,How can empirical studies support the validation and refinement of Requirements Engineering theories?,How has the number of theories from SE and RE evolved over time?,0.3368
1796,What are the trends in the methodological approaches used in empirical Requirements Engineering research?,Do authors report that assumptions and limitations of statistical methods are met before using them?,0.3368
1797,What are the methods for conducting effective surveys in Requirements Engineering research?,How often are which empirical methods used over time?,0.3367
1798,How can empirical studies in Requirements Engineering better address the needs of diverse stakeholders?,"""Do the authors synthesize and present the results as checklists or guidelines applicable for industrial users, such as policy-makers, practitioners, and the general public?""",0.3366
1799,What are the trends in the methodological approaches used in empirical Requirements Engineering research?,"""Do the authors use standards to describe the theories incorporated (used, tested, modified, formulated)?""",0.3366
1800,How can empirical research contribute to the development of standardized practices in Requirements Engineering?,How has the reporting of the setting evolved over time?,0.3364
1801,How has the use of empirical methods in Requirements Engineering evolved over time?,Do the authors use a well defined taxonomy for their research design?,0.3363
1802,What are the ethical considerations in conducting empirical research in Requirements Engineering?,How has the proportion of empirical studies evolved over time?,0.3362
1803,How can empirical research contribute to the development of standardized practices in Requirements Engineering?,How has the reporting of research questions and answers evolved over time?,0.3362
1804,How can empirical methods be used to study the effectiveness of Requirements Management practices?,How has the use of (a common set of empirically derived) criteria to characterize the quality of secondary research and thus the overall strength of a body of evidence evolved over time?,0.3362
1805,What are the standards for documenting and sharing empirical research data in Requirements Engineering?,Do the authors use multiple digital libraries including publications from SE and RE and related disciplines for (systematic literature) reviews?,0.3362
1806,How can empirical research in Requirements Engineering contribute to theory building?,"""How has building on previous research data and results, including from other disciplines, evolved over time?""",0.3362
1807,How can empirical findings in Requirements Engineering be translated into best practices?,How has the reporting of the tasks evolved over time?,0.3359
1808,What are the best practices for conducting systematic reviews in empirical Requirements Engineering research?,How has the reporting of the objects of study / treatments evolved over time?,0.3359
1809,How can empirical research in Requirements Engineering support the development of new tools and technologies?,Which methods are used to synthesize evidence from data of different empirical methods?,0.3359
1810,How can the relevance and impact of empirical studies in Requirements Engineering be increased?,How has the reporting of research questions and answers evolved over time?,0.3359
1811,What are the criteria for assessing the credibility of empirical research findings in Requirements Engineering?,How often are which empirical methods used over time?,0.3358
1812,What are the critical research gaps in the empirical study of Requirements Engineering?,How has the use of (a common set of empirically derived) criteria to characterize the quality of secondary research and thus the overall strength of a body of evidence evolved over time?,0.3358
1813,How do empirical studies in Requirements Engineering integrate quantitative and qualitative approaches?,How has comparing new approaches with relevant alternative approaches used in the industry evolved over time?,0.3358
1814,What are the common challenges encountered in conducting empirical case studies in Requirements Engineering?,How many different empirical methods are used per publication?,0.3358
1815,How can empirical research in Requirements Engineering address the challenge of generalizability?,How has the use of (a common set of empirically derived) criteria to characterize the quality of secondary research and thus the overall strength of a body of evidence evolved over time?,0.3358
1816,What are the methods for triangulating data in empirical Requirements Engineering studies?,Do the authors use (a common set of empirically derived) criteria to characterize the quality of secondary research and thus the overall strength of a body of evidence?,0.3357
1817,How can biases be minimized in empirical studies of Requirements Engineering?,Which sub-fields of SE and RE do the empirical studies cover over time?,0.3356
1818,How has the use of empirical methods in Requirements Engineering evolved over time?,How has the reporting of the objects of study / treatments evolved over time?,0.3356
1819,How can empirical research in Requirements Engineering contribute to theory building?,How has the use of (a common set of empirically derived) criteria to assess the quality of individual studies evolved over time?,0.3355
1820,What role do replications play in ensuring the robustness of empirical studies in Requirements Engineering?,How has the proportion of pure demonstrations (proof of concept) and simple experience reports (lessons learned) evolved over time?,0.3354
1821,What are the methods for synthesizing empirical evidence from diverse study designs in Requirements Engineering?,How has the use of triangulation for research design evolved over time?,0.3354
1822,What are the guidelines for conducting high-quality empirical studies in Requirements Engineering?,Have the authors done a systematic review of related work?,0.3353
1823,What are the key challenges in synthesizing qualitative and quantitative data in Requirements Engineering research?,"""What empirical methods are used to conduct integrative and interpretive (systematic literature) reviews, so-called secondary research?""",0.3352
1824,What are the future directions for empirical research in Requirements Engineering?,"""How has the provision of data (the materials used, raw data collected, and study results identified) evolved over time?""",0.3352
1825,How can the external validity of empirical studies in Requirements Engineering be enhanced?,"""Do the authors synthesize and present the results as checklists or guidelines applicable for industrial users, such as policy-makers, practitioners, and the general public?""",0.3352
1826,How can empirical findings in Requirements Engineering be translated into best practices?,Which sub-fields of SE and RE do the empirical studies cover over time?,0.3351
1827,How can empirical research findings in Requirements Engineering be made more accessible to practitioners?,How often are which empirical methods used over time?,0.3351
1828,What are the implications of heterogeneous interventions in empirical studies of Requirements Engineering?,How has the proportion of studies by authors working for large software development companies evolved over time?,0.3351
1829,What are the implications of empirical research for the future of Requirements Engineering as a discipline?,How has the use of (a common set of empirically derived) criteria to characterize the quality of secondary research and thus the overall strength of a body of evidence evolved over time?,0.3351
1830,How can empirical methods be used to evaluate software requirements specifications?,How has the proportion of empirical studies evolved over time?,0.3350
1831,How can empirical research in Requirements Engineering benefit from interdisciplinary approaches?,"""How has building on previous research data and results, including from other disciplines, evolved over time?""",0.3350
1832,How can empirical methods guide the development of new SE technology in Requirements Engineering?,"""How has the provision of data (the materials used, raw data collected, and study results identified) evolved over time?""",0.3350
1833,How can empirical studies support the validation and refinement of Requirements Engineering theories?,How many different empirical methods are used per publication?,0.3349
1834,What are the primary research questions addressed by empirical methods in Requirements Engineering studies?,Do authors report that assumptions and limitations of statistical methods are met before using them?,0.3349
1835,How can empirical methods guide the development of new SE technology in Requirements Engineering?,How has the use of (a common set of empirically derived) criteria to characterize the quality of secondary research and thus the overall strength of a body of evidence evolved over time?,0.3349
1836,How can the reproducibility of empirical studies in Requirements Engineering be ensured?,How has the reporting of the context evolved over time?,0.3349
1837,What are the key variables studied in empirical Requirements Engineering research?,Do the authors use (a common set of empirically derived) criteria to assess the quality of individual studies?,0.3348
1838,What are the methods for synthesizing empirical evidence from diverse study designs in Requirements Engineering?,"""Do the authors use standards to describe the theories incorporated (used, tested, modified, formulated)?""",0.3348
1839,How can empirical research in Requirements Engineering be used to inform policy-making in software engineering?,How many different empirical methods are used per publication?,0.3348
1840,How can empirical findings in Requirements Engineering be validated through multiple studies and contexts?,"""How has the provision of data (the materials used, raw data collected, and study results identified) evolved over time?""",0.3348
1841,How can empirical studies support the validation and refinement of Requirements Engineering theories?,How often are which empirical methods used over time?,0.3345
1842,How can empirical research in Requirements Engineering benefit from interdisciplinary approaches?,How many different empirical methods are used per publication?,0.3345
1843,How can empirical research findings in Requirements Engineering be made more accessible to practitioners?,Do the authors use (a common set of empirically derived) criteria to assess the quality of individual studies?,0.3345
1844,How can empirical methods be used to study the effectiveness of Requirements Management practices?,How has comparing new approaches with relevant alternative approaches used in the industry evolved over time?,0.3344
1845,What are the trends in the methodological approaches used in empirical Requirements Engineering research?,"""Do the authors refer to and consistently use a basic terminology, descriptors, and keywords to identify and select primary studies for (systematic literature) reviews?""",0.3344
1846,How can the use of empirical methods in Requirements Engineering research be improved?,How has the reporting of the tasks evolved over time?,0.3344
1847,How can the use of empirical methods in Requirements Engineering research be improved?,How often are which statistical methods used?,0.3344
1848,How can empirical research contribute to the development of standardized practices in Requirements Engineering?,How often are which empirical methods used over time?,0.3342
1849,How can empirical findings in Requirements Engineering be translated into best practices?,"""How up-to-date (and relevant) are reported (systematic) reviews, so-called secondary research?""",0.3342
1850,What are the methods for conducting effective surveys in Requirements Engineering research?,"""Do the authors synthesize and present the results as checklists or guidelines applicable for industrial users, such as policy-makers, practitioners, and the general public?""",0.3342
1851,What are the criteria for selecting appropriate empirical methods for specific research questions in Requirements Engineering?,"""Do the authors synthesize and present the results as checklists or guidelines applicable for industrial users, such as policy-makers, practitioners, and the general public?""",0.3342
1852,How can the effectiveness of empirical methods in Requirements Engineering be assessed?,How often are which statistical methods used?,0.3342
1853,What mechanisms exist to facilitate industry-academia collaboration in empirical Requirements Engineering research?,How has the number of empirical methods used per publication evolved over time?,0.3342
1854,What are the key variables studied in empirical Requirements Engineering research?,How has the proportion of empirical studies evolved over time?,0.3342
1855,What are the criteria for assessing the credibility of empirical research findings in Requirements Engineering?,How has the reporting of the context evolved over time?,0.3341
1856,How can the reproducibility of empirical studies in Requirements Engineering be ensured?,Have the authors done a systematic review of related work?,0.3340
1857,How can empirical findings in Requirements Engineering be validated through multiple studies and contexts?,Does the research design allow for efficient reuse of study (results) by other researchers?,0.3340
1858,How can empirical research in Requirements Engineering contribute to theory building?,"""Do the authors use standards to describe the theories incorporated (used, tested, modified, formulated)?""",0.3339
1859,How can empirical research in Requirements Engineering support the development of new tools and technologies?,"""How has building on previous research data and results, including from other disciplines, evolved over time?""",0.3339
1860,What are the methods for conducting effective surveys in Requirements Engineering research?,Do the authors report the selected context of their study with specific characteristics?,0.3339
1861,What are the ethical considerations in conducting empirical research in Requirements Engineering?,"""For which purpose do authors incorporate theories into their studies (use, testing, modification, formulation)?""",0.3337
1862,How can empirical methods be used to evaluate software requirements specifications?,How many publications are analyzed in (systematic literature) reviews?,0.3336
1863,What are the lessons learned from past empirical studies in Requirements Engineering?,Do the authors synthesize and present the results as checklists or guidelines applicable for industrial users?,0.3336
1864,What are the trends in the methodological approaches used in empirical Requirements Engineering research?,Do the authors use (a common set of empirically derived) criteria to characterize the quality of secondary research and thus the overall strength of a body of evidence?,0.3335
1865,What are the guidelines for conducting high-quality empirical studies in Requirements Engineering?,How often are which empirical methods used over time?,0.3335
1866,How can industry feedback be systematically incorporated into empirical Requirements Engineering research?,How has the use of (a common set of empirically derived) criteria to characterize the quality of secondary research and thus the overall strength of a body of evidence evolved over time?,0.3335
1867,How can empirical methods be used to evaluate software requirements specifications?,How has the proportion of studies by authors working for large software development companies evolved over time?,0.3334
1868,How can empirical findings in Requirements Engineering be translated into best practices?,Do the authors use (a common set of empirically derived) criteria to characterize the quality of secondary research and thus the overall strength of a body of evidence?,0.3334
1869,What criteria are used to evaluate the quality of empirical studies in Requirements Engineering?,"""Do the authors refer to and consistently use a basic terminology, descriptors, and keywords to identify and select primary studies for (systematic literature) reviews?""",0.3334
1870,Which empirical methods are recommended for synthesizing evidence in Requirements Engineering?,How has the use of standards to describe the theories incorporated evolved over time?,0.3333
1871,What are the critical research gaps in the empirical study of Requirements Engineering?,How has the proportion of papers that do not have an empirical study evolved over time?,0.3333
1872,What are the methods for conducting effective surveys in Requirements Engineering research?,How has the use of triangulation for research design evolved over time?,0.3333
1873,What are the ethical considerations in conducting empirical research in Requirements Engineering?,Does the research design allow for efficient reuse of study (results) by other researchers?,0.3332
1874,How can empirical research findings in Requirements Engineering be made more accessible to practitioners?,How many different empirical methods are used per publication?,0.3332
1875,How can empirical research in Requirements Engineering contribute to improving software development processes?,How often are which empirical methods used over time?,0.3331
1876,What are the methods for triangulating data in empirical Requirements Engineering studies?,How has the proportion of empirical studies evolved over time?,0.3330
1877,"How can empirical methods in Requirements Engineering be adapted to address complex, real-world problems?","""What empirical methods are used to conduct integrative and interpretive (systematic literature) reviews, so-called secondary research?""",0.3328
1878,How can the reproducibility of empirical studies in Requirements Engineering be ensured?,How has the reporting of threats to validity evolved over time?,0.3328
1879,What role do replications play in ensuring the robustness of empirical studies in Requirements Engineering?,"""How has the provision of data (the materials used, raw data collected, and study results identified) evolved over time?""",0.3328
1880,What are the common themes in the empirical literature on Requirements Engineering?,How often are which empirical methods used?,0.3327
1881,Which empirical methods are most commonly deployed in industry-academia collaborations in Requirements Engineering?,How has the reporting of research questions and answers evolved over time?,0.3326
1882,How can empirical research in Requirements Engineering be used to inform policy-making in software engineering?,How many publications are analyzed in (systematic literature) reviews?,0.3326
1883,How can empirical research in Requirements Engineering support the development of industry-relevant guidelines and checklists?,"""Do the authors refer to and consistently use a basic terminology, descriptors, and keywords to identify and select primary studies for (systematic literature) reviews?""",0.3326
1884,What are the core empirical methods used in Requirements Engineering research?,How has comparing new approaches with relevant alternative approaches used in the industry evolved over time?,0.3323
1885,Which empirical methods are most commonly deployed in industry-academia collaborations in Requirements Engineering?,"""For which purpose do authors incorporate theories into their studies (use, testing, modification, formulation)?""",0.3322
1886,What are the key challenges in synthesizing qualitative and quantitative data in Requirements Engineering research?,How have the proportions of case studies and action research in the empirical methods used evolved over time?,0.3320
1887,"How can empirical methods in Requirements Engineering be adapted to address complex, real-world problems?",Which sub-fields of SE and RE do the empirical studies cover over time?,0.3320
1888,How can empirical research in Requirements Engineering support the development of industry-relevant guidelines and checklists?,How has the number of empirical methods used per publication evolved over time?,0.3319
1889,How can the constructs and variables used in empirical Requirements Engineering research be defined and operationalized?,Which methods are used to synthesize evidence from data of different empirical methods?,0.3318
1890,What are the best practices for designing and conducting action research in Requirements Engineering?,How many empirical studies are by authors working for large software development companies?,0.3318
1891,How has the use of empirical methods in Requirements Engineering evolved over time?,How has the incorporation of theories in studies evolved over time?,0.3318
1892,How can the scope of empirical studies in Requirements Engineering be systematically defined and reported?,"""Do the authors refer to and consistently use a basic terminology, descriptors, and keywords to identify and select primary studies for (systematic literature) reviews?""",0.3318
1893,What are the best practices for reporting empirical research findings in Requirements Engineering?,Does the research design allow for efficient reuse of study (results) by other researchers?,0.3317
1894,"In what ways can empirical research methods be integrated into software engineering education, specifically for Requirements Engineering?",Do the authors report the selected context of their study with specific characteristics?,0.3317
1895,What are the critical research gaps in the empirical study of Requirements Engineering?,"""How have the proportions of experiments, secondary research (reviews), surveys, case studies, and action research in the empirical methods used evolved over time?""",0.3317
1896,What are the key challenges in synthesizing qualitative and quantitative data in Requirements Engineering research?,How do the authors justify the selection and combination of empirical methods and design elements?,0.3316
1897,Which empirical methods are most commonly deployed in industry-academia collaborations in Requirements Engineering?,How has the reporting of the tasks evolved over time?,0.3316
1898,How can the effectiveness of empirical methods in Requirements Engineering be assessed?,How has the proportion of studies by authors working for large software development companies evolved over time?,0.3315
1899,Which empirical methods are most commonly deployed in industry-academia collaborations in Requirements Engineering?,Which digital libraries with publications from SE and RE and related disciplines do authors use for (systematic literature) reviews?,0.3315
1900,What is the role of empirical methods in advancing the state-of-the-art in Requirements Engineering?,Do the authors use (a common set of empirically derived) criteria to assess the quality of individual studies?,0.3315
1901,What are the core empirical methods used in Requirements Engineering research?,How has the reporting of the tasks evolved over time?,0.3315
1902,How do empirical studies in Requirements Engineering integrate quantitative and qualitative approaches?,How has the proportion of empirical studies evolved over time?,0.3314
1903,What are the critical success factors for industry-academia research collaborations in Requirements Engineering?,"""Do the authors synthesize and present the results as checklists or guidelines applicable for industrial users, such as policy-makers, practitioners, and the general public?""",0.3313
1904,What are the critical research gaps in the empirical study of Requirements Engineering?,How has the proportion of studies by authors working for large software development companies evolved over time?,0.3313
1905,How can the external validity of empirical studies in Requirements Engineering be enhanced?,What types of threats to validity do the authors report?,0.3312
1906,What are the core empirical methods used in Requirements Engineering research?,Do the authors synthesize and present the results as checklists or guidelines applicable for industrial users?,0.3312
1907,How can empirical data from multiple studies be effectively integrated in Requirements Engineering research?,"""How up-to-date (and relevant) are reported (systematic) reviews, so-called secondary research?""",0.3312
1908,How can empirical studies in Requirements Engineering better address the needs of diverse stakeholders?,How has the use of (a common set of empirically derived) criteria to assess the quality of individual studies evolved over time?,0.3311
1909,How can empirical findings in Requirements Engineering be validated through multiple studies and contexts?,How has the use of triangulation for research design evolved over time?,0.3311
1910,How can empirical studies in Requirements Engineering better address the needs of diverse stakeholders?,How has the proportion of empirical studies evolved over time?,0.3310
1911,What are the key variables studied in empirical Requirements Engineering research?,Do the authors use a well defined taxonomy for their research design?,0.3309
1912,How can empirical research in Requirements Engineering support the development of industry-relevant guidelines and checklists?,"""How has the provision of data (the materials used, raw data collected, and study results identified) evolved over time?""",0.3309
1913,How can the scope of empirical studies in Requirements Engineering be systematically defined and reported?,Which methods are used to synthesize evidence from data of different empirical methods?,0.3309
1914,What are the key challenges in synthesizing qualitative and quantitative data in Requirements Engineering research?,Do the authors use a well defined taxonomy for their research design?,0.3308
1915,How has the use of empirical methods in Requirements Engineering evolved over time?,How has the reporting of the subjects evolved over time?,0.3308
1916,What are the methods for synthesizing empirical evidence from diverse study designs in Requirements Engineering?,How has the incorporation of theories in studies evolved over time?,0.3308
1917,What are the best practices for designing and conducting action research in Requirements Engineering?,How has the use of conceptual and operational definitions for key constructs and variables evolved over time in empirical research in SE and RE?,0.3308
1918,How can the threats to internal and external validity be mitigated in empirical studies of Requirements Engineering?,"""What empirical methods are used to conduct integrative and interpretive (systematic literature) reviews, so-called secondary research?""",0.3307
1919,What are the guidelines for conducting high-quality empirical studies in Requirements Engineering?,How has the proportion of empirical studies evolved over time?,0.3307
1920,What are the methods for evaluating the reliability of empirical data in Requirements Engineering research?,How has the proportion of studies by authors working for large software development companies evolved over time?,0.3307
1921,What role do replications play in ensuring the robustness of empirical studies in Requirements Engineering?,"""How has building on previous research data and results, including from other disciplines, evolved over time?""",0.3307
1922,What are the future directions for empirical research in Requirements Engineering?,Do the authors synthesize and present the results as checklists or guidelines applicable for industrial users?,0.3307
1923,Which empirical methods are recommended for synthesizing evidence in Requirements Engineering?,"""How has building on previous research data and results, including from other disciplines, evolved over time?""",0.3307
1924,How do empirical studies in Requirements Engineering integrate quantitative and qualitative approaches?,Do the authors report the selected context of their study with specific characteristics?,0.3306
1925,How can the findings from empirical Requirements Engineering studies be synthesized and communicated to practitioners?,How has the use of standards to describe the theories incorporated evolved over time?,0.3306
1926,What are the key challenges in synthesizing qualitative and quantitative data in Requirements Engineering research?,How has the reporting of research questions and answers evolved over time?,0.3305
1927,What role do replications play in ensuring the robustness of empirical studies in Requirements Engineering?,Does the research design allow for efficient reuse of study (results) by other researchers?,0.3305
1928,How can empirical research in Requirements Engineering contribute to theory building?,How often are which empirical methods used over time?,0.3304
1929,What are the standards for documenting and sharing empirical research data in Requirements Engineering?,How has the proportion of papers that do not have an empirical study evolved over time?,0.3304
1930,How can the reproducibility of empirical studies in Requirements Engineering be ensured?,Do authors report that assumptions and limitations of statistical methods are met before using them?,0.3303
1931,How can empirical studies support the validation and refinement of Requirements Engineering theories?,"""What is the proportion of theories from other disciplines, from other disciplines with adaptions for the SE and RE, and from SE and RE itself?""",0.3301
1932,How can empirical findings in Requirements Engineering be validated through multiple studies and contexts?,Do the authors exlain HOW their apporach is better than others in a selected context with specific characteristics?,0.3299
1933,How can the constructs and variables used in empirical Requirements Engineering research be defined and operationalized?,"""Do the authors use standards to describe the theories incorporated (used, tested, modified, formulated)?""",0.3299
1934,How can empirical research address the socio-technical aspects of Requirements Engineering?,How has the use of standards to describe the theories incorporated evolved over time?,0.3299
1935,How can the use of empirical methods in Requirements Engineering research be improved?,Do the authors synthesize and present the results as checklists or guidelines applicable for industrial users?,0.3298
1936,How can empirical research in Requirements Engineering address the challenge of generalizability?,How has the use of standards to describe the theories incorporated evolved over time?,0.3298
1937,How can the threats to internal and external validity be mitigated in empirical studies of Requirements Engineering?,How many empirical studies are by authors working for large software development companies?,0.3298
1938,What are the methods for triangulating data in empirical Requirements Engineering studies?,How has the proportion of studies by authors working for large software development companies evolved over time?,0.3297
1939,How can the use of empirical methods in Requirements Engineering research be improved?,How many publications are analyzed in (systematic literature) reviews?,0.3297
1940,What are the key challenges in synthesizing qualitative and quantitative data in Requirements Engineering research?,How has the proportion of studies by authors working for large software development companies evolved over time?,0.3295
1941,What are the implications of empirical research for Requirements Engineering education and training?,How has the proportion of pure demonstrations (proof of concept) and simple experience reports (lessons learned) evolved over time?,0.3295
1942,What are the methods for synthesizing empirical evidence from diverse study designs in Requirements Engineering?,How has the use of standards to describe the theories incorporated evolved over time?,0.3295
1943,How can the use of empirical methods in Requirements Engineering research be improved?,Do authors report that assumptions and limitations of statistical methods are met before using them?,0.3294
1944,What are the methods for synthesizing empirical evidence from diverse study designs in Requirements Engineering?,How has the reporting of the subjects evolved over time?,0.3293
1945,What are the ethical considerations in conducting empirical research in Requirements Engineering?,How often are which empirical methods used?,0.3293
1946,What are the critical success factors for industry-academia research collaborations in Requirements Engineering?,What are the conceptual and operational definitions used for key constructs and variables in empirical research in SE and RE?,0.3292
1947,What are the methods for synthesizing empirical evidence from diverse study designs in Requirements Engineering?,How often are which statistical methods used?,0.3291
1948,What role do replications play in ensuring the robustness of empirical studies in Requirements Engineering?,Which methods are used to synthesize evidence from data of different empirical methods?,0.3291
1949,What are the key variables studied in empirical Requirements Engineering research?,How has the use of (a common set of empirically derived) criteria to characterize the quality of secondary research and thus the overall strength of a body of evidence evolved over time?,0.3289
1950,How can empirical research in Requirements Engineering address the needs of global software development teams?,How has the proportion of empirical studies evolved over time?,0.3288
1951,How can empirical findings in Requirements Engineering be validated through multiple studies and contexts?,Do the authors use multiple digital libraries including publications from SE and RE and related disciplines for (systematic literature) reviews?,0.3288
1952,What are the best practices for reporting empirical research findings in Requirements Engineering?,"""How has the provision of data (the materials used, raw data collected, and study results identified) evolved over time?""",0.3288
1953,How can empirical evidence in Requirements Engineering inform decision-making processes in software engineering?,"""Do the authors synthesize and present the results as checklists or guidelines applicable for industrial users, such as policy-makers, practitioners, and the general public?""",0.3287
1954,"In what ways can empirical research methods be integrated into software engineering education, specifically for Requirements Engineering?",Does the research design allow for efficient reuse of study (results) by other researchers?,0.3287
1955,What role do replications play in ensuring the robustness of empirical studies in Requirements Engineering?,How has the reporting of research questions and answers evolved over time?,0.3287
1956,How can the scope of empirical studies in Requirements Engineering be systematically defined and reported?,"""How has the provision of data (the materials used, raw data collected, and study results identified) evolved over time?""",0.3286
1957,How can empirical methods be used to evaluate software requirements specifications?,Do the authors synthesize and present the results as checklists or guidelines applicable for industrial users?,0.3285
1958,How can the scope of empirical studies in Requirements Engineering be systematically defined and reported?,How has the reporting of the context evolved over time?,0.3285
1959,How can empirical findings in Requirements Engineering be validated through multiple studies and contexts?,How has comparing new approaches with relevant alternative approaches used in the industry evolved over time?,0.3285
1960,How has the use of empirical methods in Requirements Engineering evolved over time?,Do authors report that assumptions and limitations of statistical methods are met before using them?,0.3284
1961,How can empirical research in Requirements Engineering support the development of industry-relevant guidelines and checklists?,Do the authors report the selected context of their study with specific characteristics?,0.3283
1962,How can empirical evidence in Requirements Engineering inform decision-making processes in software engineering?,How has the proportion of papers that do not have an empirical study evolved over time?,0.3283
1963,How can empirical data from multiple studies be effectively integrated in Requirements Engineering research?,"""For which purpose do authors incorporate theories into their studies (use, testing, modification, formulation)?""",0.3282
1964,How do empirical studies in Requirements Engineering integrate quantitative and qualitative approaches?,How often are standards used to describe the theories incorporated?,0.3281
1965,What criteria are used to evaluate the quality of empirical studies in Requirements Engineering?,"""How up-to-date (and relevant) are reported (systematic) reviews, so-called secondary research?""",0.3281
1966,How can empirical research in Requirements Engineering contribute to improving software development processes?,How many different empirical methods are used per publication?,0.3280
1967,How can industry feedback be systematically incorporated into empirical Requirements Engineering research?,How many publications are analyzed in (systematic literature) reviews?,0.3280
1968,How can empirical research in Requirements Engineering be used to support continuous improvement in software processes?,How many different empirical methods are used per publication?,0.3280
1969,How can industry feedback be systematically incorporated into empirical Requirements Engineering research?,Have the authors done a systematic review of related work?,0.3279
1970,What mechanisms exist to facilitate industry-academia collaboration in empirical Requirements Engineering research?,"""How has building on previous research data and results, including from other disciplines, evolved over time?""",0.3279
1971,What are the major challenges in applying empirical methods to Requirements Engineering research?,Do authors report that assumptions and limitations of statistical methods are met before using them?,0.3278
1972,What are the methods for ensuring the transparency and reproducibility of empirical research in Requirements Engineering?,Have the authors done a systematic review of related work?,0.3278
1973,How can empirical research in Requirements Engineering benefit from interdisciplinary approaches?,"""For which purpose do authors incorporate theories into their studies (use, testing, modification, formulation)?""",0.3278
1974,What are the major challenges in applying empirical methods to Requirements Engineering research?,How has the reporting of the tasks evolved over time?,0.3277
1975,How can the external validity of empirical studies in Requirements Engineering be enhanced?,"""Do the authors use standards to describe the theories incorporated (used, tested, modified, formulated)?""",0.3277
1976,How can empirical studies in Requirements Engineering be made more rigorous and impactful?, How do the authors justify the lack of a proper study?,0.3277
1977,How can the constructs and variables used in empirical Requirements Engineering research be defined and operationalized?,How has the use of (a common set of empirically derived) criteria to characterize the quality of secondary research and thus the overall strength of a body of evidence evolved over time?,0.3277
1978,What are the critical success factors for industry-academia research collaborations in Requirements Engineering?,Do the authors use a well defined taxonomy for their research design?,0.3276
1979,What methods are used to ensure the reliability and validity of empirical data in Requirements Engineering research?,Do the authors report the selected context of their study with specific characteristics?,0.3276
1980,How can the scope of empirical studies in Requirements Engineering be systematically defined and reported?,How has the use of standards to describe the theories incorporated evolved over time?,0.3275
1981,How can the scope of empirical studies in Requirements Engineering be systematically defined and reported?,How has the reporting of the setting evolved over time?,0.3275
1982,What are the trends in the methodological approaches used in empirical Requirements Engineering research?,How has the use of triangulation for research design evolved over time?,0.3274
1983,What are the ethical considerations in conducting empirical research in Requirements Engineering?,"""Do the authors synthesize and present the results as checklists or guidelines applicable for industrial users, such as policy-makers, practitioners, and the general public?""",0.3272
1984,What methods are used to ensure the reliability and validity of empirical data in Requirements Engineering research?,How often are standards used to describe the theories incorporated?,0.3272
1985,How can empirical methods be used to evaluate software requirements specifications?,How often are which statistical methods used?,0.3272
1986,What criteria are used to evaluate the quality of empirical studies in Requirements Engineering?,"""Do the authors synthesize and present the results as checklists or guidelines applicable for industrial users, such as policy-makers, practitioners, and the general public?""",0.3270
1987,What are the future directions for empirical research in Requirements Engineering?,How has the reporting of research questions and answers evolved over time?,0.3269
1988,"In what ways can empirical research methods be integrated into software engineering education, specifically for Requirements Engineering?",How many studies incorporate theories?,0.3269
1989,What are the methods for ensuring the transparency and reproducibility of empirical research in Requirements Engineering?,How has the use of standards to describe the theories incorporated evolved over time?,0.3269
1990,How can empirical research in Requirements Engineering support the development of industry-relevant guidelines and checklists?,Do the authors use (a common set of empirically derived) criteria to characterize the quality of secondary research and thus the overall strength of a body of evidence?,0.3269
1991,What are the common challenges encountered in conducting empirical case studies in Requirements Engineering?,Do the authors report the selected context of their study with specific characteristics?,0.3268
1992,What are the methods for conducting effective surveys in Requirements Engineering research?,Do the authors use conceptual and operational definitions for key constructs and variables in empirical research in SE and RE?,0.3268
1993,What are the ethical considerations in conducting empirical research in Requirements Engineering?,Which methods are used to synthesize evidence from data of different empirical methods?,0.3268
1994,How can empirical research in Requirements Engineering contribute to improving software development processes?,Do the authors use (a common set of empirically derived) criteria to characterize the quality of secondary research and thus the overall strength of a body of evidence?,0.3267
1995,How can industry feedback be systematically incorporated into empirical Requirements Engineering research?,Do the authors use other channels to publish their results for making them available to industrial users?,0.3267
1996,What are the guidelines for conducting high-quality empirical studies in Requirements Engineering?,"""Do the authors refer to and consistently use a basic terminology, descriptors, and keywords to identify and select primary studies for (systematic literature) reviews?""",0.3267
1997,What are the lessons learned from past empirical studies in Requirements Engineering?,Have the authors done a systematic review of related work?,0.3266
1998,What are the common challenges encountered in conducting empirical case studies in Requirements Engineering?,Do the authors use a well defined taxonomy for their research design?,0.3266
1999,What are the core empirical methods used in Requirements Engineering research?,"""How has the provision of data (the materials used, raw data collected, and study results identified) evolved over time?""",0.3265
2000,How can empirical research in Requirements Engineering contribute to improving software development processes?,Do the authors use (a common set of empirically derived) criteria to assess the quality of individual studies?,0.3265
2001,How can empirical studies support the validation and refinement of Requirements Engineering theories?,"""How up-to-date (and relevant) are reported (systematic) reviews, so-called secondary research?""",0.3265
2002,How can the relevance and impact of empirical studies in Requirements Engineering be increased?,How often are which empirical methods used?,0.3264
2003,How can the threats to internal and external validity be mitigated in empirical studies of Requirements Engineering?,"""How has the proportions of  empirical methods to conduct (systematic literature) reviews, so-called secondary research, evolved over time?""",0.3264
2004,How can empirical research in Requirements Engineering address the challenge of generalizability?,How has the number of empirical methods used per publication evolved over time?,0.3262
2005,How can the use of empirical methods in Requirements Engineering research be improved?,Do the authors report the selected context of their study with specific characteristics?,0.3261
2006,How can empirical research in Requirements Engineering be used to inform policy-making in software engineering?,How has the proportion of papers that do not have an empirical study evolved over time?,0.3261
2007,What are the methods for conducting effective surveys in Requirements Engineering research?,How many different empirical methods are used per publication?,0.3259
2008,How can the reproducibility of empirical studies in Requirements Engineering be ensured?,"""Do the authors use standards to describe the theories incorporated (used, tested, modified, formulated)?""",0.3259
2009,What are the standards for documenting and sharing empirical research data in Requirements Engineering?,Do the authors refer to a reference (website or systematic review) that systematizes and characterizes the theory incorporated?,0.3259
2010,How can industry feedback be systematically incorporated into empirical Requirements Engineering research?,Do the authors report the selected context of their study with specific characteristics?,0.3259
2011,How can empirical research support the development of more effective Requirements Elicitation techniques?,How has the proportion of papers that do not have an empirical study evolved over time?,0.3258
2012,How can empirical research in Requirements Engineering address the needs of global software development teams?,How has the number of empirical methods used per publication evolved over time?,0.3257
2013,How has the use of empirical methods in Requirements Engineering evolved over time?,How has the use of theories for a diverse and reflective generalization of study results evolved over time?,0.3257
2014,What are the criteria for assessing the credibility of empirical research findings in Requirements Engineering?,"""How has building on previous research data and results, including from other disciplines, evolved over time?""",0.3256
2015,What methods are used to ensure the reliability and validity of empirical data in Requirements Engineering research?,Do the authors use a well defined taxonomy for their research design?,0.3255
2016,How has the use of empirical methods in Requirements Engineering evolved over time?,How has the proportion of pure demonstrations (proof of concept) and simple experience reports (lessons learned) evolved over time?,0.3255
2017,How can empirical research in Requirements Engineering contribute to theory building?,How many different empirical methods are used per publication?,0.3255
2018,How can empirical studies support the validation and refinement of Requirements Engineering theories?,How has the proportion of studies by authors working for large software development companies evolved over time?,0.3255
2019,What are the criteria for assessing the credibility of empirical research findings in Requirements Engineering?,How has the use of standards to describe the theories incorporated evolved over time?,0.3255
2020,What are the methods for conducting effective surveys in Requirements Engineering research?,"""How has the provision of data (the materials used, raw data collected, and study results identified) evolved over time?""",0.3254
2021,How can the constructs and variables used in empirical Requirements Engineering research be defined and operationalized?,Do the authors use (a common set of empirically derived) criteria to assess the quality of individual studies?,0.3254
2022,How can empirical research in Requirements Engineering support the development of new tools and technologies?,"""Do the authors synthesize and present the results as checklists or guidelines applicable for industrial users, such as policy-makers, practitioners, and the general public?""",0.3254
2023,How has the use of empirical methods in Requirements Engineering evolved over time?,How has the reporting of the setting evolved over time?,0.3253
2024,What is the role of empirical methods in advancing the state-of-the-art in Requirements Engineering?,Do the authors use a well defined taxonomy for their research design?,0.3253
2025,What are the key success factors for empirical studies in Requirements Engineering?,How has comparing new approaches with relevant alternative approaches used in the industry evolved over time?,0.3252
2026,How can empirical research findings in Requirements Engineering be made more accessible to practitioners?,How has the reporting of the context evolved over time?,0.3252
2027,What methods are used to ensure the reliability and validity of empirical data in Requirements Engineering research?,How has the reporting of threats to validity evolved over time?,0.3252
2028,What are the standards for documenting and sharing empirical research data in Requirements Engineering?,Do authors report that assumptions and limitations of statistical methods are met before using them?,0.3251
2029,How can empirical evidence in Requirements Engineering inform decision-making processes in software engineering?,Which sub-fields of SE and RE do the empirical studies cover over time?,0.3251
2030,What role do replications play in ensuring the robustness of empirical studies in Requirements Engineering?,How often are which empirical methods used?,0.3250
2031,How can empirical research in Requirements Engineering support the development of new tools and technologies?,Do the authors synthesize and present the results as checklists or guidelines applicable for industrial users?,0.3250
2032,What are the implications of empirical research for the future of Requirements Engineering as a discipline?,How often are which empirical methods used over time?,0.3250
2033,How can empirical research in Requirements Engineering contribute to improving software development processes?,Do the authors use a well defined taxonomy for their research design?,0.3249
2034,How can the constructs and variables used in empirical Requirements Engineering research be defined and operationalized?,"""How has the provision of data (the materials used, raw data collected, and study results identified) evolved over time?""",0.3249
2035,How can empirical methods be used to study the effectiveness of Requirements Management practices?,Do the authors report the selected context of their study with specific characteristics?,0.3249
2036,How do empirical studies in Requirements Engineering integrate quantitative and qualitative approaches?,How many publications are analyzed in (systematic literature) reviews?,0.3248
2037,What are the criteria for assessing the credibility of empirical research findings in Requirements Engineering?,How do the authors justify preventing bias in the study results?,0.3247
2038,How can empirical research in Requirements Engineering address the challenge of generalizability?,"""How have the proportions of experiments, secondary research (reviews), surveys, case studies, and action research in the empirical methods used evolved over time?""",0.3247
2039,What role do replications play in ensuring the robustness of empirical studies in Requirements Engineering?,Do the authors synthesize and present the results as checklists or guidelines applicable for industrial users?,0.3247
2040,How can empirical research address the socio-technical aspects of Requirements Engineering?,How has the use of triangulation for research design evolved over time?,0.3247
2041,Which empirical methods are recommended for synthesizing evidence in Requirements Engineering?,How has the proportion of pure demonstrations (proof of concept) and simple experience reports (lessons learned) evolved over time?,0.3246
2042,What are the major challenges in applying empirical methods to Requirements Engineering research?,Do the authors report the selected context of their study with specific characteristics?,0.3246
2043,What are the critical research gaps in the empirical study of Requirements Engineering?,Do the authors use a well defined taxonomy for their research design?,0.3246
2044,What are the best practices for designing and conducting action research in Requirements Engineering?,How do the authors justify the selection and combination of empirical methods and design elements?,0.3246
2045,What are the primary research questions addressed by empirical methods in Requirements Engineering studies?,How has the use of standards to describe the theories incorporated evolved over time?,0.3245
2046,What are the methods for evaluating the reliability of empirical data in Requirements Engineering research?,How has the reporting of the tasks evolved over time?,0.3244
2047,How can the external validity of empirical studies in Requirements Engineering be enhanced?,Do authors report that assumptions and limitations of statistical methods are met before using them?,0.3244
2048,What are the trends in the methodological approaches used in empirical Requirements Engineering research?,"""How up-to-date (and relevant) are reported (systematic) reviews, so-called secondary research?""",0.3243
2049,How can empirical research in Requirements Engineering be used to support continuous improvement in software processes?,How has the use of (a common set of empirically derived) criteria to characterize the quality of secondary research and thus the overall strength of a body of evidence evolved over time?,0.3243
2050,What are the key challenges in synthesizing qualitative and quantitative data in Requirements Engineering research?,"""How have the proportions of experiments, secondary research (reviews), surveys, case studies, and action research in the empirical methods used evolved over time?""",0.3242
2051,How can the use of empirical methods in Requirements Engineering research be improved?,How has the use of statistical methods evolved over time?,0.3242
2052,What are the methods for triangulating data in empirical Requirements Engineering studies?,How often are which statistical methods used?,0.3242
2053,How can empirical research findings in Requirements Engineering be made more accessible to practitioners?,How has the reporting of the setting evolved over time?,0.3242
2054,How can biases be minimized in empirical studies of Requirements Engineering?,Do the authors use (a common set of empirically derived) criteria to assess the quality of individual studies?,0.3241
2055,How can the relevance and impact of empirical studies in Requirements Engineering be increased?,"""Do the authors synthesize and present the results as checklists or guidelines applicable for industrial users, such as policy-makers, practitioners, and the general public?""",0.3241
2056,How can empirical findings in Requirements Engineering be validated through multiple studies and contexts?,How has the reporting of threats to validity evolved over time?,0.3241
2057,What are the methods for ensuring the transparency and reproducibility of empirical research in Requirements Engineering?,"""How has building on previous research data and results, including from other disciplines, evolved over time?""",0.3240
2058,How can biases be minimized in empirical studies of Requirements Engineering?,Do the authors exlain WHY their apporach is better than others in a selected context with specific characteristics?,0.3240
2059,How can empirical research in Requirements Engineering support the development of new tools and technologies?,How many publications are analyzed in (systematic literature) reviews?,0.3240
2060,What are the methods for ensuring the transparency and reproducibility of empirical research in Requirements Engineering?,How often are standards used to describe the theories incorporated?,0.3240
2061,What are the methods for evaluating the reliability of empirical data in Requirements Engineering research?,"""How has the provision of data (the materials used, raw data collected, and study results identified) evolved over time?""",0.3239
2062,How can empirical methods be used to evaluate software requirements specifications?,How has the use of standards to describe the theories incorporated evolved over time?,0.3239
2063,What are the criteria for assessing the credibility of empirical research findings in Requirements Engineering?,How has the reporting of the tasks evolved over time?,0.3239
2064,What are the lessons learned from past empirical studies in Requirements Engineering?,Do the authors use (a common set of empirically derived) criteria to characterize the quality of secondary research and thus the overall strength of a body of evidence?,0.3238
2065,How can industry feedback be systematically incorporated into empirical Requirements Engineering research?,How has the proportion of pure demonstrations (proof of concept) and simple experience reports (lessons learned) evolved over time?,0.3238
2066,How has the use of empirical methods in Requirements Engineering evolved over time?,How has the number of theories from SE and RE evolved over time?,0.3238
2067,How can the scope of empirical studies in Requirements Engineering be systematically defined and reported?,"""Do the authors use standards to describe the theories incorporated (used, tested, modified, formulated)?""",0.3237
2068,How can empirical research in Requirements Engineering contribute to theory building?,How has the use of triangulation for research design evolved over time?,0.3237
2069,How can empirical findings in Requirements Engineering be validated through multiple studies and contexts?,Have the authors done a systematic review of related work?,0.3237
2070,How can empirical findings in Requirements Engineering be validated through multiple studies and contexts?,What types of threats to validity do the authors report?,0.3237
2071,What are the future directions for empirical research in Requirements Engineering?,How has the use of (a common set of empirically derived) criteria to assess the quality of individual studies evolved over time?,0.3236
2072,What are the criteria for assessing the credibility of empirical research findings in Requirements Engineering?,Do authors report that assumptions and limitations of statistical methods are met before using them?,0.3236
2073,How can empirical research in Requirements Engineering support the development of new tools and technologies?,How has the use of triangulation for research design evolved over time?,0.3236
2074,How can industry feedback be systematically incorporated into empirical Requirements Engineering research?,Do the authors use a well defined taxonomy for their research design?,0.3235
2075,How can the external validity of empirical studies in Requirements Engineering be enhanced?,Have the authors done a systematic review of related work?,0.3235
2076,How can empirical research in Requirements Engineering support the development of industry-relevant guidelines and checklists?,Which methods are used to synthesize evidence from data of different empirical methods?,0.3235
2077,What role do replications play in ensuring the robustness of empirical studies in Requirements Engineering?,Do the authors use (a common set of empirically derived) criteria to assess the quality of individual studies?,0.3235
2078,How can the external validity of empirical studies in Requirements Engineering be enhanced?,How has comparing new approaches with relevant alternative approaches used in the industry evolved over time?,0.3234
2079,What role do replications play in ensuring the robustness of empirical studies in Requirements Engineering?,How has the reporting of threats to validity evolved over time?,0.3234
2080,How can empirical studies in Requirements Engineering better address the needs of diverse stakeholders?,How has the reporting of the tasks evolved over time?,0.3233
2081,How can empirical methods guide the development of new SE technology in Requirements Engineering?,How has the use of (a common set of empirically derived) criteria to assess the quality of individual studies evolved over time?,0.3232
2082,How can empirical studies in Requirements Engineering be made more rigorous and impactful?,Do the authors report the selected context of their study with specific characteristics?,0.3232
2083,How can the effectiveness of empirical methods in Requirements Engineering be assessed?,Do the authors synthesize and present the results as checklists or guidelines applicable for industrial users?,0.3231
2084,What are the best practices for conducting systematic reviews in empirical Requirements Engineering research?,How has the proportion of papers that do not have an empirical study evolved over time?,0.3231
2085,What role do replications play in ensuring the robustness of empirical studies in Requirements Engineering?,"""Do the authors synthesize and present the results as checklists or guidelines applicable for industrial users, such as policy-makers, practitioners, and the general public?""",0.3230
2086,How can empirical findings in Requirements Engineering be validated through multiple studies and contexts?,How has the reporting of the objects of study / treatments evolved over time?,0.3229
2087,How can empirical methods guide the development of new SE technology in Requirements Engineering?,How has the proportion of each of the three levels of sophistication for theories from SE and RE evolved over time?,0.3228
2088,How can empirical research findings in Requirements Engineering be made more accessible to practitioners?,Which methods are used to synthesize evidence from data of different empirical methods?,0.3228
2089,What are the criteria for selecting appropriate empirical methods for specific research questions in Requirements Engineering?,How often are standards used to describe the theories incorporated?,0.3228
2090,How can industry feedback be systematically incorporated into empirical Requirements Engineering research?,Which sub-fields of SE and RE do the empirical studies cover over time?,0.3228
2091,How has the use of empirical methods in Requirements Engineering evolved over time?,Do the authors use (a common set of empirically derived) criteria to assess the quality of individual studies?,0.3228
2092,Which empirical methods are recommended for synthesizing evidence in Requirements Engineering?,How has the reporting of the tasks evolved over time?,0.3228
2093,How can empirical studies in Requirements Engineering better address the needs of diverse stakeholders?,Do the authors use (a common set of empirically derived) criteria to assess the quality of individual studies?,0.3228
2094,How can empirical research address the socio-technical aspects of Requirements Engineering?,How often are standards used to describe the theories incorporated?,0.3227
2095,What are the implications of heterogeneous interventions in empirical studies of Requirements Engineering?,How has the reporting of the tasks evolved over time?,0.3227
2096,Which empirical methods are most commonly deployed in industry-academia collaborations in Requirements Engineering?,Do authors report that assumptions and limitations of statistical methods are met before using them?,0.3226
2097,What are the guidelines for conducting high-quality empirical studies in Requirements Engineering?,How has the use of standards to describe the theories incorporated evolved over time?,0.3225
2098,What are the ethical considerations in conducting empirical research in Requirements Engineering?,How has the use of (a common set of empirically derived) criteria to characterize the quality of secondary research and thus the overall strength of a body of evidence evolved over time?,0.3224
2099,What are the future directions for empirical research in Requirements Engineering?,"""Do the authors synthesize and present the results as checklists or guidelines applicable for industrial users, such as policy-makers, practitioners, and the general public?""",0.3222
2100,How can empirical methods guide the development of new SE technology in Requirements Engineering?,How has the proportion of empirical studies evolved over time?,0.3222
2101,How can the scope of empirical studies in Requirements Engineering be systematically defined and reported?,How has the reporting of the objects of study / treatments evolved over time?,0.3221
2102,What are the lessons learned from past empirical studies in Requirements Engineering?,How has the use of statistical methods evolved over time?,0.3221
2103,What are the methods for conducting effective surveys in Requirements Engineering research?,Do the authors use (a common set of empirically derived) criteria to characterize the quality of secondary research and thus the overall strength of a body of evidence?,0.3221
2104,What are the methods for ensuring the transparency and reproducibility of empirical research in Requirements Engineering?,"""Do the authors use standards to describe the theories incorporated (used, tested, modified, formulated)?""",0.3219
2105,What are the key success factors for empirical studies in Requirements Engineering?,How often are which statistical methods used?,0.3218
2106,What are the key success factors for empirical studies in Requirements Engineering?,How often are standards used to describe the theories incorporated?,0.3217
2107,How can empirical research in Requirements Engineering be used to support continuous improvement in software processes?,How has the proportion of papers that do not have an empirical study evolved over time?,0.3217
2108,What are the trends in the methodological approaches used in empirical Requirements Engineering research?,How has the reporting of the objects of study / treatments evolved over time?,0.3216
2109,How can empirical data from multiple studies be effectively integrated in Requirements Engineering research?,How has the incorporation of theories in studies evolved over time?,0.3216
2110,What are the considerations for designing controlled experiments in Requirements Engineering?,Does the research design allow for efficient reuse of study (results) by other researchers?,0.3216
2111,What are the implications of empirical research for the future of Requirements Engineering as a discipline?,How has the use of (a common set of empirically derived) criteria to assess the quality of individual studies evolved over time?,0.3215
2112,What mechanisms exist to facilitate industry-academia collaboration in empirical Requirements Engineering research?,How has comparing new approaches with relevant alternative approaches used in the industry evolved over time?,0.3213
2113,What are the methods for ensuring the transparency and reproducibility of empirical research in Requirements Engineering?,Do the authors use a well defined taxonomy for their research design?,0.3213
2114,How can empirical research in Requirements Engineering support the development of industry-relevant guidelines and checklists?,How has the reporting of research questions and answers evolved over time?,0.3213
2115,How can the external validity of empirical studies in Requirements Engineering be enhanced?,How do the authors justify preventing bias in the study results?,0.3212
2116,How can the findings from empirical Requirements Engineering studies be synthesized and communicated to practitioners?,"""For which purpose do authors incorporate theories into their studies (use, testing, modification, formulation)?""",0.3212
2117,Which empirical methods are recommended for synthesizing evidence in Requirements Engineering?,How has the reporting of the objects of study / treatments evolved over time?,0.3212
2118,How can empirical studies support the validation and refinement of Requirements Engineering theories?,How has the proportion of papers that do not have an empirical study evolved over time?,0.3211
2119,What are the implications of heterogeneous interventions in empirical studies of Requirements Engineering?,Do the authors synthesize and present the results as checklists or guidelines applicable for industrial users?,0.3210
2120,What are the implications of empirical research for the future of Requirements Engineering as a discipline?,How has the reporting of the tasks evolved over time?,0.3210
2121,What are the methods for conducting effective surveys in Requirements Engineering research?,How has the number of empirical methods used per publication evolved over time?,0.3210
2122,What are the methods for assessing the impact of empirical studies in Requirements Engineering on industry practices?,"""How has the provision of data (the materials used, raw data collected, and study results identified) evolved over time?""",0.3209
2123,How can empirical research in Requirements Engineering support the development of industry-relevant guidelines and checklists?,How has the proportion of empirical studies evolved over time?,0.3209
2124,How can empirical findings in Requirements Engineering be translated into best practices?,How often are which empirical methods used over time?,0.3208
2125,How can empirical research in Requirements Engineering address the needs of global software development teams?,How has the reporting of the tasks evolved over time?,0.3208
2126,What is the role of empirical methods in advancing the state-of-the-art in Requirements Engineering?,Do the authors use (a common set of empirically derived) criteria to characterize the quality of secondary research and thus the overall strength of a body of evidence?,0.3205
2127,What are the methods for synthesizing empirical evidence from diverse study designs in Requirements Engineering?,How do the authors justify preventing bias in the study results?,0.3205
2128,What methods are used to ensure the reliability and validity of empirical data in Requirements Engineering research?,What types of threats to validity do the authors report?,0.3205
2129,What are the key challenges in synthesizing qualitative and quantitative data in Requirements Engineering research?,"""How has the proportions of  empirical methods to conduct (systematic literature) reviews, so-called secondary research, evolved over time?""",0.3205
2130,What are the major challenges in applying empirical methods to Requirements Engineering research?,How many publications are analyzed in (systematic literature) reviews?,0.3205
2131,Which empirical methods are recommended for synthesizing evidence in Requirements Engineering?,How has comparing new approaches with relevant alternative approaches used in the industry evolved over time?,0.3205
2132,What criteria are used to evaluate the quality of empirical studies in Requirements Engineering?,How has the use of standards to describe the theories incorporated evolved over time?,0.3204
2133,How can empirical studies in Requirements Engineering be made more rigorous and impactful?,Do the authors use a well defined taxonomy for their research design?,0.3204
2134,Which empirical methods are recommended for synthesizing evidence in Requirements Engineering?,Do the authors use a well defined taxonomy for their research design?,0.3202
2135,"In what ways can empirical research methods be integrated into software engineering education, specifically for Requirements Engineering?","""For which purpose do authors incorporate theories into their studies (use, testing, modification, formulation)?""",0.3201
2136,How can empirical studies in Requirements Engineering be made more rigorous and impactful?,How has the use of standards to describe the theories incorporated evolved over time?,0.3201
2137,What are the future directions for empirical research in Requirements Engineering?,How has the use of (a common set of empirically derived) criteria to characterize the quality of secondary research and thus the overall strength of a body of evidence evolved over time?,0.3201
2138,What are the methods for assessing the impact of empirical studies in Requirements Engineering on industry practices?,How often are standards used to describe the theories incorporated?,0.3200
2139,How can the reproducibility of empirical studies in Requirements Engineering be ensured?,How has the reporting of the subjects evolved over time?,0.3199
2140,How can the effectiveness of empirical methods in Requirements Engineering be assessed?,Do authors report that assumptions and limitations of statistical methods are met before using them?,0.3199
2141,What are the criteria for assessing the credibility of empirical research findings in Requirements Engineering?,How has the proportion of pure demonstrations (proof of concept) and simple experience reports (lessons learned) evolved over time?,0.3198
2142,What are the common challenges encountered in conducting empirical case studies in Requirements Engineering?,How has comparing new approaches with relevant alternative approaches used in the industry evolved over time?,0.3197
2143,How can empirical research in Requirements Engineering benefit from interdisciplinary approaches?,Do the authors report the selected context of their study with specific characteristics?,0.3197
2144,How can the external validity of empirical studies in Requirements Engineering be enhanced?,How has the use of standards to describe the theories incorporated evolved over time?,0.3196
2145,What are the key variables studied in empirical Requirements Engineering research?,"""How has the provision of data (the materials used, raw data collected, and study results identified) evolved over time?""",0.3195
2146,How can empirical research support the development of more effective Requirements Elicitation techniques?,Do the authors use (a common set of empirically derived) criteria to assess the quality of individual studies?,0.3195
2147,What are the methods for assessing the impact of empirical studies in Requirements Engineering on industry practices?,How has the use of standards to describe the theories incorporated evolved over time?,0.3194
2148,What are the methods for synthesizing empirical evidence from diverse study designs in Requirements Engineering?,How has the reporting of the context evolved over time?,0.3194
2149,How can empirical research in Requirements Engineering be used to support continuous improvement in software processes?,How has the proportion of empirical studies evolved over time?,0.3193
2150,What are the best practices for conducting systematic reviews in empirical Requirements Engineering research?,How has the proportion of empirical studies evolved over time?,0.3192
2151,What are the common challenges encountered in conducting empirical case studies in Requirements Engineering?,Which methods are used to synthesize evidence from data of different empirical methods?,0.3192
2152,What are the common themes in the empirical literature on Requirements Engineering?,How has the proportion of papers that do not have an empirical study evolved over time?,0.3190
2153,How can empirical methods be used to evaluate software requirements specifications?,Do authors report that assumptions and limitations of statistical methods are met before using them?,0.3189
2154,What are the trends in the methodological approaches used in empirical Requirements Engineering research?,"""How has building on previous research data and results, including from other disciplines, evolved over time?""",0.3189
2155,How can empirical research in Requirements Engineering support the development of new tools and technologies?,Do the authors use (a common set of empirically derived) criteria to characterize the quality of secondary research and thus the overall strength of a body of evidence?,0.3189
2156,How can the relevance and impact of empirical studies in Requirements Engineering be increased?,How has comparing new approaches with relevant alternative approaches used in the industry evolved over time?,0.3188
2157,What methods are used to ensure the reliability and validity of empirical data in Requirements Engineering research?,How has the reporting of the tasks evolved over time?,0.3186
2158,What are the core empirical methods used in Requirements Engineering research?,"""Do the authors use standards to describe the theories incorporated (used, tested, modified, formulated)?""",0.3186
2159,What are the methods for synthesizing empirical evidence from diverse study designs in Requirements Engineering?,How has the use of statistical methods evolved over time?,0.3185
2160,How can the external validity of empirical studies in Requirements Engineering be enhanced?,How often are standards used to describe the theories incorporated?,0.3185
2161,What are the core empirical methods used in Requirements Engineering research?,"""For which purpose do authors incorporate theories into their studies (use, testing, modification, formulation)?""",0.3185
2162,How do empirical studies in Requirements Engineering integrate quantitative and qualitative approaches?,How has the proportion of papers that do not have an empirical study evolved over time?,0.3184
2163,How can empirical evidence in Requirements Engineering inform decision-making processes in software engineering?,"""What empirical methods are used to conduct integrative and interpretive (systematic literature) reviews, so-called secondary research?""",0.3184
2164,Which empirical methods are most commonly deployed in industry-academia collaborations in Requirements Engineering?,"""Do the authors use standards to describe the theories incorporated (used, tested, modified, formulated)?""",0.3182
2165,How can empirical research contribute to the development of standardized practices in Requirements Engineering?,"""How up-to-date (and relevant) are reported (systematic) reviews, so-called secondary research?""",0.3182
2166,What are the trends in the methodological approaches used in empirical Requirements Engineering research?,How has the use of theories for a diverse and reflective generalization of study results evolved over time?,0.3181
2167,What are the key variables studied in empirical Requirements Engineering research?,How has the proportion of papers that do not have an empirical study evolved over time?,0.3180
2168,How can empirical methods guide the development of new SE technology in Requirements Engineering?,How has the use of standards to describe the theories incorporated evolved over time?,0.3180
2169,How can the effectiveness of empirical methods in Requirements Engineering be assessed?,How has comparing new approaches with relevant alternative approaches used in the industry evolved over time?,0.3180
2170,How can the effectiveness of empirical methods in Requirements Engineering be assessed?,How has the reporting of the tasks evolved over time?,0.3179
2171,What are the methods for assessing the impact of empirical studies in Requirements Engineering on industry practices?,"""Do the authors refer to and consistently use a basic terminology, descriptors, and keywords to identify and select primary studies for (systematic literature) reviews?""",0.3179
2172,How can empirical research in Requirements Engineering support the development of industry-relevant guidelines and checklists?,How often are which empirical methods used?,0.3178
2173,How can empirical methods guide the development of new SE technology in Requirements Engineering?,Do the authors use a well defined taxonomy for their research design?,0.3178
2174,How can empirical studies in Requirements Engineering be made more rigorous and impactful?,How many publications are analyzed in (systematic literature) reviews?,0.3177
2175,How can the use of empirical methods in Requirements Engineering research be improved?,"""How has the provision of data (the materials used, raw data collected, and study results identified) evolved over time?""",0.3176
2176,How can the relevance and impact of empirical studies in Requirements Engineering be increased?,Do the authors synthesize and present the results as checklists or guidelines applicable for industrial users?,0.3176
2177,How can empirical research contribute to the development of standardized practices in Requirements Engineering?,"""Do the authors refer to and consistently use a basic terminology, descriptors, and keywords to identify and select primary studies for (systematic literature) reviews?""",0.3175
2178,What are the primary research questions addressed by empirical methods in Requirements Engineering studies?,How has the use of statistical methods evolved over time?,0.3175
2179,What are the methods for assessing the impact of empirical studies in Requirements Engineering on industry practices?,How has the reporting of the setting evolved over time?,0.3175
2180,What are the guidelines for conducting high-quality empirical studies in Requirements Engineering?,How has the proportion of papers that do not have an empirical study evolved over time?,0.3174
2181,How can the relevance and impact of empirical studies in Requirements Engineering be increased?,"""How has building on previous research data and results, including from other disciplines, evolved over time?""",0.3174
2182,How can empirical research in Requirements Engineering address the challenge of generalizability?,Do the authors use a well defined taxonomy for their research design?,0.3173
2183,How do empirical studies in Requirements Engineering integrate quantitative and qualitative approaches?,"""For which purpose do authors incorporate theories into their studies (use, testing, modification, formulation)?""",0.3173
2184,How can empirical methods be used to study the effectiveness of Requirements Management practices?,How many publications are analyzed in (systematic literature) reviews?,0.3173
2185,What are the critical success factors for industry-academia research collaborations in Requirements Engineering?,Do the authors use conceptual and operational definitions for key constructs and variables in empirical research in SE and RE?,0.3173
2186,What are the methods for conducting effective surveys in Requirements Engineering research?,Have the authors done a systematic review of related work?,0.3173
2187,How can empirical research address the socio-technical aspects of Requirements Engineering?,How many publications are analyzed in (systematic literature) reviews?,0.3173
2188,What role do replications play in ensuring the robustness of empirical studies in Requirements Engineering?,How often are standards used to describe the theories incorporated?,0.3172
2189,How can empirical research in Requirements Engineering contribute to improving software development processes?,How has the reporting of research questions and answers evolved over time?,0.3172
2190,What are the key variables studied in empirical Requirements Engineering research?,Do the authors synthesize and present the results as checklists or guidelines applicable for industrial users?,0.3171
2191,What are the key success factors for empirical studies in Requirements Engineering?,Do the authors use a well defined taxonomy for their research design?,0.3170
2192,Which empirical methods are most commonly deployed in industry-academia collaborations in Requirements Engineering?,"""How has the provision of data (the materials used, raw data collected, and study results identified) evolved over time?""",0.3170
2193,Which empirical methods are most commonly deployed in industry-academia collaborations in Requirements Engineering?,How has the use of triangulation for research design evolved over time?,0.3170
2194,What are the best practices for reporting empirical research findings in Requirements Engineering?,"""How has building on previous research data and results, including from other disciplines, evolved over time?""",0.3168
2195,How do empirical studies in Requirements Engineering integrate quantitative and qualitative approaches?,How has the reporting of the tasks evolved over time?,0.3167
2196,What are the methods for evaluating the reliability of empirical data in Requirements Engineering research?,Do authors report that assumptions and limitations of statistical methods are met before using them?,0.3166
2197,What are the primary research questions addressed by empirical methods in Requirements Engineering studies?,How has the use of theories for a diverse and reflective generalization of study results evolved over time?,0.3166
2198,How can empirical research address the socio-technical aspects of Requirements Engineering?,How many different empirical methods are used per publication?,0.3166
2199,How can the relevance and impact of empirical studies in Requirements Engineering be increased?,"""How has the provision of data (the materials used, raw data collected, and study results identified) evolved over time?""",0.3166
2200,What are the major challenges in applying empirical methods to Requirements Engineering research?,Do the authors synthesize and present the results as checklists or guidelines applicable for industrial users?,0.3166
2201,What are the lessons learned from past empirical studies in Requirements Engineering?,Do the authors use (a common set of empirically derived) criteria to assess the quality of individual studies?,0.3165
2202,What are the critical success factors for industry-academia research collaborations in Requirements Engineering?,How has the use of conceptual and operational definitions for key constructs and variables evolved over time in empirical research in SE and RE?,0.3164
2203,What are the lessons learned from past empirical studies in Requirements Engineering?,Do the authors use a well defined taxonomy for their research design?,0.3164
2204,What are the ethical considerations in conducting empirical research in Requirements Engineering?,Do the authors use (a common set of empirically derived) criteria to characterize the quality of secondary research and thus the overall strength of a body of evidence?,0.3163
2205,How can empirical research address the socio-technical aspects of Requirements Engineering?,How has the reporting of the subjects evolved over time?,0.3163
2206,What are the primary research questions addressed by empirical methods in Requirements Engineering studies?,How many studies incorporate theories?,0.3162
2207,What are the best practices for conducting systematic reviews in empirical Requirements Engineering research?,How has the use of standards to describe the theories incorporated evolved over time?,0.3162
2208,How can the relevance and impact of empirical studies in Requirements Engineering be increased?,How many publications are analyzed in (systematic literature) reviews?,0.3161
2209,How can the external validity of empirical studies in Requirements Engineering be enhanced?,How many publications are analyzed in (systematic literature) reviews?,0.3161
2210,How can empirical methods guide the development of new SE technology in Requirements Engineering?,"""How has building on previous research data and results, including from other disciplines, evolved over time?""",0.3160
2211,How can the findings from empirical Requirements Engineering studies be synthesized and communicated to practitioners?,"""How up-to-date (and relevant) are reported (systematic) reviews, so-called secondary research?""",0.3160
2212,Which empirical methods are recommended for synthesizing evidence in Requirements Engineering?,How has the use of theories for a diverse and reflective generalization of study results evolved over time?,0.3160
2213,What are the methods for ensuring the transparency and reproducibility of empirical research in Requirements Engineering?,How has the proportion of pure demonstrations (proof of concept) and simple experience reports (lessons learned) evolved over time?,0.3160
2214,What are the common themes in the empirical literature on Requirements Engineering?,How has the number of empirical methods used per publication evolved over time?,0.3159
2215,What are the implications of empirical research for Requirements Engineering education and training?,Which methods are used to synthesize evidence from data of different empirical methods?,0.3158
2216,What are the implications of heterogeneous interventions in empirical studies of Requirements Engineering?,How has the use of (a common set of empirically derived) criteria to assess the quality of individual studies evolved over time?,0.3157
2217,How can empirical methods guide the development of new SE technology in Requirements Engineering?,How has the number of theories from SE and RE evolved over time?,0.3157
2218,What are the methods for ensuring the transparency and reproducibility of empirical research in Requirements Engineering?,Do authors report that assumptions and limitations of statistical methods are met before using them?,0.3157
2219,How can empirical data from multiple studies be effectively integrated in Requirements Engineering research?,Have the authors done a systematic review of related work?,0.3155
2220,What are the criteria for selecting appropriate empirical methods for specific research questions in Requirements Engineering?,How has the use of theories for a diverse and reflective generalization of study results evolved over time?,0.3155
2221,What are the future directions for empirical research in Requirements Engineering?,How has comparing new approaches with relevant alternative approaches used in the industry evolved over time?,0.3154
2222,How can empirical research support the development of more effective Requirements Elicitation techniques?,Do the authors synthesize and present the results as checklists or guidelines applicable for industrial users?,0.3154
2223,What are the considerations for designing controlled experiments in Requirements Engineering?,What are the conceptual and operational definitions used for key constructs and variables in empirical research in SE and RE?,0.3152
2224,What are the methods for assessing the impact of empirical studies in Requirements Engineering on industry practices?,Do authors report that assumptions and limitations of statistical methods are met before using them?,0.3152
2225,What are the best practices for reporting empirical research findings in Requirements Engineering?,Do authors report that assumptions and limitations of statistical methods are met before using them?,0.3152
2226,Which empirical methods are most commonly deployed in industry-academia collaborations in Requirements Engineering?,Do the authors report the selected context of their study with specific characteristics?,0.3151
2227,How can the external validity of empirical studies in Requirements Engineering be enhanced?,"""How has building on previous research data and results, including from other disciplines, evolved over time?""",0.3151
2228,What are the trends in the methodological approaches used in empirical Requirements Engineering research?,Do the authors refer to a reference (website or systematic review) that systematizes and characterizes the theory incorporated?,0.3150
2229,How can empirical evidence in Requirements Engineering inform decision-making processes in software engineering?,How often are which empirical methods used over time?,0.3150
2230,What are the core empirical methods used in Requirements Engineering research?,How has the use of statistical methods evolved over time?,0.3150
2231,How can empirical research in Requirements Engineering contribute to improving software development processes?,How has comparing new approaches with relevant alternative approaches used in the industry evolved over time?,0.3149
2232,What are the criteria for selecting appropriate empirical methods for specific research questions in Requirements Engineering?,"""How has building on previous research data and results, including from other disciplines, evolved over time?""",0.3148
2233,What are the key variables studied in empirical Requirements Engineering research?,How has the reporting of the tasks evolved over time?,0.3147
2234,How can empirical research in Requirements Engineering contribute to theory building?,Do the authors report the selected context of their study with specific characteristics?,0.3145
2235,How can empirical findings in Requirements Engineering be validated through multiple studies and contexts?,"""Do the authors use standards to describe the theories incorporated (used, tested, modified, formulated)?""",0.3144
2236,How can the constructs and variables used in empirical Requirements Engineering research be defined and operationalized?,Do the authors report the selected context of their study with specific characteristics?,0.3143
2237,What are the common challenges encountered in conducting empirical case studies in Requirements Engineering?,How often are which empirical methods used over time?,0.3143
2238,What are the primary research questions addressed by empirical methods in Requirements Engineering studies?,How has the reporting of the tasks evolved over time?,0.3143
2239,How can empirical research contribute to the development of standardized practices in Requirements Engineering?,Do the authors report the selected context of their study with specific characteristics?,0.3142
2240,How can empirical data from multiple studies be effectively integrated in Requirements Engineering research?, How do the authors justify the lack of a proper study?,0.3141
2241,What are the major challenges in applying empirical methods to Requirements Engineering research?,"""How has the provision of data (the materials used, raw data collected, and study results identified) evolved over time?""",0.3141
2242,What are the standards for documenting and sharing empirical research data in Requirements Engineering?,How has the use of triangulation for research design evolved over time?,0.3141
2243,How can biases be minimized in empirical studies of Requirements Engineering?,Do the authors use (a common set of empirically derived) criteria to characterize the quality of secondary research and thus the overall strength of a body of evidence?,0.3140
2244,How can the reproducibility of empirical studies in Requirements Engineering be ensured?, How do the authors justify the lack of a proper study?,0.3140
2245,What are the ethical considerations in conducting empirical research in Requirements Engineering?,How has the number of empirical methods used per publication evolved over time?,0.3140
2246,How can the threats to internal and external validity be mitigated in empirical studies of Requirements Engineering?,How have the proportions of case studies and action research in the empirical methods used evolved over time?,0.3139
2247,What are the implications of empirical research for Requirements Engineering education and training?,How has the use of theories for a diverse and reflective generalization of study results evolved over time?,0.3138
2248,How can empirical research in Requirements Engineering support the development of industry-relevant guidelines and checklists?,Have the authors done a systematic review of related work?,0.3138
2249,How can empirical methods be used to evaluate software requirements specifications?,"""Do the authors use standards to describe the theories incorporated (used, tested, modified, formulated)?""",0.3136
2250,What are the key success factors for empirical studies in Requirements Engineering?,"""Do the authors synthesize and present the results as checklists or guidelines applicable for industrial users, such as policy-makers, practitioners, and the general public?""",0.3136
2251,How can empirical findings in Requirements Engineering be translated into best practices?,How has comparing new approaches with relevant alternative approaches used in the industry evolved over time?,0.3135
2252,What role do replications play in ensuring the robustness of empirical studies in Requirements Engineering?,How has the reporting of the setting evolved over time?,0.3135
2253,How has the use of empirical methods in Requirements Engineering evolved over time?,Do the authors synthesize and present the results as checklists or guidelines applicable for industrial users?,0.3134
2254,What is the role of empirical methods in advancing the state-of-the-art in Requirements Engineering?,"""How has the provision of data (the materials used, raw data collected, and study results identified) evolved over time?""",0.3134
2255,How do empirical studies in Requirements Engineering integrate quantitative and qualitative approaches?,"""How has the provision of data (the materials used, raw data collected, and study results identified) evolved over time?""",0.3134
2256,How can empirical research findings in Requirements Engineering be made more accessible to practitioners?,"""Do the authors refer to and consistently use a basic terminology, descriptors, and keywords to identify and select primary studies for (systematic literature) reviews?""",0.3134
2257,How can empirical studies support the validation and refinement of Requirements Engineering theories?,How has the proportion of each of the three levels of sophistication for theories from SE and RE evolved over time?,0.3132
2258,What role do replications play in ensuring the robustness of empirical studies in Requirements Engineering?,"""How up-to-date (and relevant) are reported (systematic) reviews, so-called secondary research?""",0.3131
2259,How can the reproducibility of empirical studies in Requirements Engineering be ensured?,How has the reporting of the setting evolved over time?,0.3131
2260,What are the standards for documenting and sharing empirical research data in Requirements Engineering?,Have the authors done a systematic review of related work?,0.3130
2261,How can empirical methods be used to study the effectiveness of Requirements Management practices?,Do the authors use a well defined taxonomy for their research design?,0.3130
2262,What are the methods for conducting effective surveys in Requirements Engineering research?,How many publications are analyzed in (systematic literature) reviews?,0.3129
2263,How can the findings from empirical Requirements Engineering studies be synthesized and communicated to practitioners?,How has the reporting of the context evolved over time?,0.3128
2264,"In what ways can empirical research methods be integrated into software engineering education, specifically for Requirements Engineering?",Do the authors use (a common set of empirically derived) criteria to characterize the quality of secondary research and thus the overall strength of a body of evidence?,0.3128
2265,What are the methods for synthesizing empirical evidence from diverse study designs in Requirements Engineering?, How do the authors justify the lack of a proper study?,0.3128
2266,How can the threats to internal and external validity be mitigated in empirical studies of Requirements Engineering?,Do the authors use (a common set of empirically derived) criteria to characterize the quality of secondary research and thus the overall strength of a body of evidence?,0.3127
2267,How do empirical studies in Requirements Engineering integrate quantitative and qualitative approaches?,How has the use of (a common set of empirically derived) criteria to characterize the quality of secondary research and thus the overall strength of a body of evidence evolved over time?,0.3127
2268,Which empirical methods are recommended for synthesizing evidence in Requirements Engineering?,How has the reporting of research questions and answers evolved over time?,0.3127
2269,How can the effectiveness of empirical methods in Requirements Engineering be assessed?,Do the authors use a well defined taxonomy for their research design?,0.3127
2270,How can the findings from empirical Requirements Engineering studies be synthesized and communicated to practitioners?,How has the reporting of research questions and answers evolved over time?,0.3127
2271,How can the scope of empirical studies in Requirements Engineering be systematically defined and reported?,Have the authors done a systematic review of related work?,0.3127
2272,What are the common themes in the empirical literature on Requirements Engineering?,How has the proportion of empirical studies evolved over time?,0.3126
2273,How can the reproducibility of empirical studies in Requirements Engineering be ensured?,"""How has building on previous research data and results, including from other disciplines, evolved over time?""",0.3126
2274,How can empirical findings in Requirements Engineering be validated through multiple studies and contexts?,Do the authors exlain WHY their apporach is better than others in a selected context with specific characteristics?,0.3125
2275,How can empirical data from multiple studies be effectively integrated in Requirements Engineering research?,How has the reporting of the context evolved over time?,0.3123
2276,How can empirical research in Requirements Engineering benefit from interdisciplinary approaches?,How many publications are analyzed in (systematic literature) reviews?,0.3122
2277,How can empirical research address the socio-technical aspects of Requirements Engineering?,"""For which purpose do authors incorporate theories into their studies (use, testing, modification, formulation)?""",0.3122
2278,"In what ways can empirical research methods be integrated into software engineering education, specifically for Requirements Engineering?",How has the use of theories for a diverse and reflective generalization of study results evolved over time?,0.3122
2279,What are the ethical considerations in conducting empirical research in Requirements Engineering?,"""How has the provision of data (the materials used, raw data collected, and study results identified) evolved over time?""",0.3122
2280,What are the methods for evaluating the reliability of empirical data in Requirements Engineering research?,Do the authors synthesize and present the results as checklists or guidelines applicable for industrial users?,0.3120
2281,How can empirical research findings in Requirements Engineering be made more accessible to practitioners?,How has the use of standards to describe the theories incorporated evolved over time?,0.3120
2282,How can empirical research in Requirements Engineering address the challenge of generalizability?,How has the proportion of papers that do not have an empirical study evolved over time?,0.3119
2283,What are the critical success factors for industry-academia research collaborations in Requirements Engineering?,Which sub-fields of SE and RE do the empirical studies cover over time?,0.3119
2284,How can empirical research in Requirements Engineering be used to inform policy-making in software engineering?,"""How up-to-date (and relevant) are reported (systematic) reviews, so-called secondary research?""",0.3118
2285,What are the core empirical methods used in Requirements Engineering research?,"""Do the authors synthesize and present the results as checklists or guidelines applicable for industrial users, such as policy-makers, practitioners, and the general public?""",0.3116
2286,How can the relevance and impact of empirical studies in Requirements Engineering be increased?,How often are which empirical methods used over time?,0.3115
2287,What are the methods for evaluating the reliability of empirical data in Requirements Engineering research?,How has the reporting of threats to validity evolved over time?,0.3114
2288,How can the findings from empirical Requirements Engineering studies be synthesized and communicated to practitioners?,"""How has building on previous research data and results, including from other disciplines, evolved over time?""",0.3114
2289,How can the external validity of empirical studies in Requirements Engineering be enhanced?,"""How has the provision of data (the materials used, raw data collected, and study results identified) evolved over time?""",0.3114
2290,How can empirical research findings in Requirements Engineering be made more accessible to practitioners?,How has the reporting of the subjects evolved over time?,0.3114
2291,What are the implications of heterogeneous interventions in empirical studies of Requirements Engineering?,Do the authors use (a common set of empirically derived) criteria to assess the quality of individual studies?,0.3113
2292,What role do replications play in ensuring the robustness of empirical studies in Requirements Engineering?,How often are which empirical methods used over time?,0.3112
2293,What are the trends in the methodological approaches used in empirical Requirements Engineering research?,Have the authors done a systematic review of related work?,0.3111
2294,How can empirical studies in Requirements Engineering be made more rigorous and impactful?,How often are standards used to describe the theories incorporated?,0.3111
2295,What role do replications play in ensuring the robustness of empirical studies in Requirements Engineering?,How has the reporting of the context evolved over time?,0.3110
2296,How can empirical findings in Requirements Engineering be translated into best practices?,"""How has the provision of data (the materials used, raw data collected, and study results identified) evolved over time?""",0.3109
2297,How can empirical research in Requirements Engineering address the challenge of generalizability?,How often are standards used to describe the theories incorporated?,0.3108
2298,How can empirical research address the socio-technical aspects of Requirements Engineering?,Which methods are used to synthesize evidence from data of different empirical methods?,0.3108
2299,What are the core empirical methods used in Requirements Engineering research?,"""Do the authors refer to and consistently use a basic terminology, descriptors, and keywords to identify and select primary studies for (systematic literature) reviews?""",0.3108
2300,How can empirical research in Requirements Engineering address the needs of global software development teams?,How has the use of (a common set of empirically derived) criteria to assess the quality of individual studies evolved over time?,0.3107
2301,How can the findings from empirical Requirements Engineering studies be synthesized and communicated to practitioners?,Have the authors done a systematic review of related work?,0.3107
2302,What are the critical research gaps in the empirical study of Requirements Engineering?,How has the use of triangulation for research design evolved over time?,0.3107
2303,"In what ways can empirical research methods be integrated into software engineering education, specifically for Requirements Engineering?",How has the reporting of research questions and answers evolved over time?,0.3107
2304,How can the effectiveness of empirical methods in Requirements Engineering be assessed?,Do the authors report the selected context of their study with specific characteristics?,0.3106
2305,What are the criteria for assessing the credibility of empirical research findings in Requirements Engineering?, How do the authors justify the lack of a proper study?,0.3106
2306,How can biases be minimized in empirical studies of Requirements Engineering?,Do the authors exlain HOW their apporach is better than others in a selected context with specific characteristics?,0.3106
2307,What are the lessons learned from past empirical studies in Requirements Engineering?,"""Do the authors use standards to describe the theories incorporated (used, tested, modified, formulated)?""",0.3105
2308,What is the role of empirical methods in advancing the state-of-the-art in Requirements Engineering?,How often are standards used to describe the theories incorporated?,0.3104
2309,What are the methods for conducting effective surveys in Requirements Engineering research?,How has the use of conceptual and operational definitions for key constructs and variables evolved over time in empirical research in SE and RE?,0.3104
2310,What are the best practices for designing and conducting action research in Requirements Engineering?,Do the authors report the selected context of their study with specific characteristics?,0.3104
2311,How can empirical research in Requirements Engineering support the development of industry-relevant guidelines and checklists?,Do the authors use (a common set of empirically derived) criteria to assess the quality of individual studies?,0.3104
2312,How can empirical findings in Requirements Engineering be validated through multiple studies and contexts?,How has the reporting of the tasks evolved over time?,0.3103
2313,How can empirical research in Requirements Engineering support the development of industry-relevant guidelines and checklists?,How many different empirical methods are used per publication?,0.3102
2314,How can empirical data from multiple studies be effectively integrated in Requirements Engineering research?,How often are those who conduct the studies also the authors of the papers?,0.3102
2315,"In what ways can empirical research methods be integrated into software engineering education, specifically for Requirements Engineering?",How has the reporting of the objects of study / treatments evolved over time?,0.3102
2316,How can empirical research in Requirements Engineering address the challenge of generalizability?,How has the proportion of studies by authors working for large software development companies evolved over time?,0.3101
2317,How can the constructs and variables used in empirical Requirements Engineering research be defined and operationalized?,How has the reporting of the tasks evolved over time?,0.3099
2318,What are the implications of empirical research for Requirements Engineering education and training?,Do the authors use a well defined taxonomy for their research design?,0.3099
2319,How can empirical research address the socio-technical aspects of Requirements Engineering?,Do the authors use (a common set of empirically derived) criteria to characterize the quality of secondary research and thus the overall strength of a body of evidence?,0.3099
2320,How can the use of empirical methods in Requirements Engineering research be improved?,How has the use of triangulation for research design evolved over time?,0.3098
2321,How can empirical methods be used to evaluate software requirements specifications?,How has the proportion of papers that do not have an empirical study evolved over time?,0.3098
2322,How can the findings from empirical Requirements Engineering studies be synthesized and communicated to practitioners?,"""Do the authors refer to and consistently use a basic terminology, descriptors, and keywords to identify and select primary studies for (systematic literature) reviews?""",0.3097
2323,What are the primary research questions addressed by empirical methods in Requirements Engineering studies?,How has the use of triangulation for research design evolved over time?,0.3097
2324,How can the relevance and impact of empirical studies in Requirements Engineering be increased?,How many different empirical methods are used per publication?,0.3096
2325,How can empirical research contribute to the development of standardized practices in Requirements Engineering?,Which methods are used to synthesize evidence from data of different empirical methods?,0.3096
2326,What are the common themes in the empirical literature on Requirements Engineering?,"""Do the authors synthesize and present the results as checklists or guidelines applicable for industrial users, such as policy-makers, practitioners, and the general public?""",0.3096
2327,How can empirical research in Requirements Engineering support the development of industry-relevant guidelines and checklists?,"""How has building on previous research data and results, including from other disciplines, evolved over time?""",0.3096
2328,What role do replications play in ensuring the robustness of empirical studies in Requirements Engineering?,How many publications are analyzed in (systematic literature) reviews?,0.3095
2329,What are the primary research questions addressed by empirical methods in Requirements Engineering studies?,Do the authors exlain HOW their apporach is better than others in a selected context with specific characteristics?,0.3094
2330,What mechanisms exist to facilitate industry-academia collaboration in empirical Requirements Engineering research?,How has the use of triangulation for research design evolved over time?,0.3094
2331,What are the methods for synthesizing empirical evidence from diverse study designs in Requirements Engineering?,Do the authors refer to a reference (website or systematic review) that systematizes and characterizes the theory incorporated?,0.3093
2332,How can empirical research in Requirements Engineering be used to inform policy-making in software engineering?,How has the reporting of research questions and answers evolved over time?,0.3092
2333,How can empirical evidence in Requirements Engineering inform decision-making processes in software engineering?,How has the proportion of pure demonstrations (proof of concept) and simple experience reports (lessons learned) evolved over time?,0.3091
2334,How can empirical findings in Requirements Engineering be translated into best practices?,How many publications are analyzed in (systematic literature) reviews?,0.3090
2335,How can empirical research in Requirements Engineering contribute to theory building?,"""What is the proportion of theories from other disciplines, from other disciplines with adaptions for the SE and RE, and from SE and RE itself?""",0.3089
2336,What are the ethical considerations in conducting empirical research in Requirements Engineering?,How many different empirical methods are used per publication?,0.3089
2337,How can empirical research support the development of more effective Requirements Elicitation techniques?,"""For which purpose do authors incorporate theories into their studies (use, testing, modification, formulation)?""",0.3088
2338,What are the common themes in the empirical literature on Requirements Engineering?,Do the authors synthesize and present the results as checklists or guidelines applicable for industrial users?,0.3088
2339,How can empirical research in Requirements Engineering contribute to theory building?,How has the reporting of the tasks evolved over time?,0.3087
2340,What are the standards for documenting and sharing empirical research data in Requirements Engineering?,"""For which purpose do authors incorporate theories into their studies (use, testing, modification, formulation)?""",0.3087
2341,How can empirical research contribute to the development of standardized practices in Requirements Engineering?,How many publications are analyzed in (systematic literature) reviews?,0.3086
2342,Which empirical methods are recommended for synthesizing evidence in Requirements Engineering?,Have the authors done a systematic review of related work?,0.3086
2343,How can empirical research in Requirements Engineering be used to inform policy-making in software engineering?,Do the authors use (a common set of empirically derived) criteria to assess the quality of individual studies?,0.3085
2344,How can empirical studies support the validation and refinement of Requirements Engineering theories?,"""On which levels of sophistication are the theories from SE and RE? (level 1, level 2, or level 3 defined in Sjøberg et al. [1])""",0.3084
2345,How can empirical research in Requirements Engineering be used to support continuous improvement in software processes?,How has the use of (a common set of empirically derived) criteria to assess the quality of individual studies evolved over time?,0.3083
2346,How can empirical data from multiple studies be effectively integrated in Requirements Engineering research?,How has the use of statistical methods evolved over time?,0.3083
2347,How can the scope of empirical studies in Requirements Engineering be systematically defined and reported?,"""For which purpose do authors incorporate theories into their studies (use, testing, modification, formulation)?""",0.3081
2348,How has the use of empirical methods in Requirements Engineering evolved over time?,How has the use of language (academic vs. plain) in scientific publications evolved over time?,0.3081
2349,What are the best practices for reporting empirical research findings in Requirements Engineering?,Which digital libraries with publications from SE and RE and related disciplines do authors use for (systematic literature) reviews?,0.3081
2350,How can empirical findings in Requirements Engineering be translated into best practices?,"""Do the authors refer to and consistently use a basic terminology, descriptors, and keywords to identify and select primary studies for (systematic literature) reviews?""",0.3080
2351,How can empirical research findings in Requirements Engineering be made more accessible to practitioners?,How often are standards used to describe the theories incorporated?,0.3080
2352,How can empirical findings in Requirements Engineering be validated through multiple studies and contexts?, How do the authors justify the lack of a proper study?,0.3080
2353,What are the methods for synthesizing empirical evidence from diverse study designs in Requirements Engineering?,How has the number of theories from SE and RE evolved over time?,0.3080
2354,How can empirical studies in Requirements Engineering be made more rigorous and impactful?,Do the authors synthesize and present the results as checklists or guidelines applicable for industrial users?,0.3079
2355,How can empirical studies in Requirements Engineering better address the needs of diverse stakeholders?,How has the use of theories for a diverse and reflective generalization of study results evolved over time?,0.3078
2356,How can empirical research findings in Requirements Engineering be made more accessible to practitioners?,How has the use of triangulation for research design evolved over time?,0.3078
2357,What role do replications play in ensuring the robustness of empirical studies in Requirements Engineering?,How has the use of standards to describe the theories incorporated evolved over time?,0.3078
2358,How can empirical research in Requirements Engineering address the challenge of generalizability?,How has the use of theories for a diverse and reflective generalization of study results evolved over time?,0.3077
2359,How can empirical methods guide the development of new SE technology in Requirements Engineering?,How has the reporting of research questions and answers evolved over time?,0.3076
2360,Which empirical methods are recommended for synthesizing evidence in Requirements Engineering?,How has the use of statistical methods evolved over time?,0.3076
2361,How can empirical research support the development of more effective Requirements Elicitation techniques?,How has the reporting of the tasks evolved over time?,0.3075
2362,Which empirical methods are most commonly deployed in industry-academia collaborations in Requirements Engineering?,Do the authors use other channels to publish their results for making them available to industrial users?,0.3075
2363,How can empirical findings in Requirements Engineering be validated through multiple studies and contexts?,How has the reporting of research questions and answers evolved over time?,0.3075
2364,What are the key challenges in synthesizing qualitative and quantitative data in Requirements Engineering research?,Do the authors synthesize and present the results as checklists or guidelines applicable for industrial users?,0.3075
2365,What are the ethical considerations in conducting empirical research in Requirements Engineering?,Have the authors done a systematic review of related work?,0.3073
2366,How can empirical data from multiple studies be effectively integrated in Requirements Engineering research?,How has comparing new approaches with relevant alternative approaches used in the industry evolved over time?,0.3073
2367,What role do replications play in ensuring the robustness of empirical studies in Requirements Engineering?,How has the reporting of the objects of study / treatments evolved over time?,0.3072
2368,What are the lessons learned from past empirical studies in Requirements Engineering?,Which methods are used to synthesize evidence from data of different empirical methods?,0.3071
2369,What are the key challenges in synthesizing qualitative and quantitative data in Requirements Engineering research?,How has the reporting of the setting evolved over time?,0.3070
2370,How can empirical research address the socio-technical aspects of Requirements Engineering?,How has the use of theories for a diverse and reflective generalization of study results evolved over time?,0.3070
2371,How can empirical methods be used to study the effectiveness of Requirements Management practices?,Do authors report that assumptions and limitations of statistical methods are met before using them?,0.3070
2372,How can the findings from empirical Requirements Engineering studies be synthesized and communicated to practitioners?,How has the use of triangulation for research design evolved over time?,0.3069
2373,What are the methods for triangulating data in empirical Requirements Engineering studies?,Do the authors synthesize and present the results as checklists or guidelines applicable for industrial users?,0.3068
2374,How can biases be minimized in empirical studies of Requirements Engineering?,"""Do the authors synthesize and present the results as checklists or guidelines applicable for industrial users, such as policy-makers, practitioners, and the general public?""",0.3068
2375,How can empirical research in Requirements Engineering contribute to improving software development processes?,Have the authors done a systematic review of related work?,0.3068
2376,What are the criteria for assessing the credibility of empirical research findings in Requirements Engineering?,How has the reporting of the objects of study / treatments evolved over time?,0.3068
2377,How can empirical research in Requirements Engineering be used to inform policy-making in software engineering?,"""How has the provision of data (the materials used, raw data collected, and study results identified) evolved over time?""",0.3067
2378,What are the criteria for selecting appropriate empirical methods for specific research questions in Requirements Engineering?,How has the use of triangulation for research design evolved over time?,0.3067
2379,What are the implications of heterogeneous interventions in empirical studies of Requirements Engineering?,Have the authors done a systematic review of related work?,0.3065
2380,How can empirical research in Requirements Engineering contribute to theory building?,How has the reporting of research questions and answers evolved over time?,0.3065
2381,How can empirical research in Requirements Engineering address the challenge of generalizability?,How has the use of (a common set of empirically derived) criteria to assess the quality of individual studies evolved over time?,0.3064
2382,How can empirical research in Requirements Engineering support the development of industry-relevant guidelines and checklists?,"""For which purpose do authors incorporate theories into their studies (use, testing, modification, formulation)?""",0.3064
2383,How can empirical research in Requirements Engineering be used to inform policy-making in software engineering?,Do the authors synthesize and present the results as checklists or guidelines applicable for industrial users?,0.3063
2384,How can empirical research in Requirements Engineering benefit from interdisciplinary approaches?,How has the reporting of research questions and answers evolved over time?,0.3061
2385,How can the relevance and impact of empirical studies in Requirements Engineering be increased?,"""How up-to-date (and relevant) are reported (systematic) reviews, so-called secondary research?""",0.3060
2386,What are the criteria for assessing the credibility of empirical research findings in Requirements Engineering?,"""For which purpose do authors incorporate theories into their studies (use, testing, modification, formulation)?""",0.3059
2387,How can the reproducibility of empirical studies in Requirements Engineering be ensured?,Do the authors use a well defined taxonomy for their research design?,0.3059
2388,What are the methods for assessing the impact of empirical studies in Requirements Engineering on industry practices?,"""Do the authors use standards to describe the theories incorporated (used, tested, modified, formulated)?""",0.3058
2389,How can empirical studies support the validation and refinement of Requirements Engineering theories?,How many publications are analyzed in (systematic literature) reviews?,0.3058
2390,What are the primary research questions addressed by empirical methods in Requirements Engineering studies?,Have the authors done a systematic review of related work?,0.3058
2391,How can empirical methods be used to evaluate the impact of new Requirements Engineering techniques?,Do the authors synthesize and present the results as checklists or guidelines applicable for industrial users?,0.3058
2392,What are the methods for triangulating data in empirical Requirements Engineering studies?,Do the authors use a well defined taxonomy for their research design?,0.3057
2393,How can the constructs and variables used in empirical Requirements Engineering research be defined and operationalized?,How has the proportion of empirical studies evolved over time?,0.3057
2394,How can empirical research support the development of more effective Requirements Elicitation techniques?,Does the research design allow for efficient reuse of study (results) by other researchers?,0.3056
2395,How do empirical studies in Requirements Engineering integrate quantitative and qualitative approaches?,Do the authors synthesize and present the results as checklists or guidelines applicable for industrial users?,0.3056
2396,Which empirical methods are recommended for synthesizing evidence in Requirements Engineering?,How has the incorporation of theories in studies evolved over time?,0.3054
2397,What are the common challenges encountered in conducting empirical case studies in Requirements Engineering?,How has the use of (a common set of empirically derived) criteria to characterize the quality of secondary research and thus the overall strength of a body of evidence evolved over time?,0.3054
2398,What is the role of empirical methods in advancing the state-of-the-art in Requirements Engineering?,Do the authors synthesize and present the results as checklists or guidelines applicable for industrial users?,0.3053
2399,What mechanisms exist to facilitate industry-academia collaboration in empirical Requirements Engineering research?,How has the use of (a common set of empirically derived) criteria to characterize the quality of secondary research and thus the overall strength of a body of evidence evolved over time?,0.3052
2400,What are the critical success factors for industry-academia research collaborations in Requirements Engineering?,How has the reporting of research questions and answers evolved over time?,0.3052
2401,How can empirical research in Requirements Engineering contribute to improving software development processes?,Do the authors report the selected context of their study with specific characteristics?,0.3052
2402,How can empirical studies in Requirements Engineering be made more rigorous and impactful?,How has the use of theories for a diverse and reflective generalization of study results evolved over time?,0.3051
2403,What are the methods for triangulating data in empirical Requirements Engineering studies?,How has the reporting of the tasks evolved over time?,0.3051
2404,What are the lessons learned from past empirical studies in Requirements Engineering?,How has the use of triangulation for research design evolved over time?,0.3050
2405,What are the trends in the methodological approaches used in empirical Requirements Engineering research?,Which digital libraries with publications from SE and RE and related disciplines do authors use for (systematic literature) reviews?,0.3049
2406,How can empirical research in Requirements Engineering address the challenge of generalizability?,How often are which empirical methods used?,0.3049
2407,What are the critical success factors for industry-academia research collaborations in Requirements Engineering?,"""How have the proportions of experiments, secondary research (reviews), surveys, case studies, and action research in the empirical methods used evolved over time?""",0.3049
2408,How can empirical research in Requirements Engineering benefit from interdisciplinary approaches?,How has the use of statistical methods evolved over time?,0.3049
2409,What role do replications play in ensuring the robustness of empirical studies in Requirements Engineering?,Have the authors done a systematic review of related work?,0.3048
2410,How can empirical methods guide the development of new SE technology in Requirements Engineering?,Do the authors synthesize and present the results as checklists or guidelines applicable for industrial users?,0.3048
2411,How can empirical research in Requirements Engineering be used to inform policy-making in software engineering?,Do the authors use (a common set of empirically derived) criteria to characterize the quality of secondary research and thus the overall strength of a body of evidence?,0.3048
2412,How can empirical research address the socio-technical aspects of Requirements Engineering?,Have the authors done a systematic review of related work?,0.3048
2413,What role do replications play in ensuring the robustness of empirical studies in Requirements Engineering?,Do the authors use a well defined taxonomy for their research design?,0.3047
2414,What are the major challenges in applying empirical methods to Requirements Engineering research?,How has the reporting of research questions and answers evolved over time?,0.3046
2415,How can the relevance and impact of empirical studies in Requirements Engineering be increased?,"""For which purpose do authors incorporate theories into their studies (use, testing, modification, formulation)?""",0.3044
2416,What are the key challenges in synthesizing qualitative and quantitative data in Requirements Engineering research?,How has comparing new approaches with relevant alternative approaches used in the industry evolved over time?,0.3044
2417,Which empirical methods are most commonly deployed in industry-academia collaborations in Requirements Engineering?,Do the authors use (a common set of empirically derived) criteria to characterize the quality of secondary research and thus the overall strength of a body of evidence?,0.3043
2418,What are the critical research gaps in the empirical study of Requirements Engineering?,Do the authors use (a common set of empirically derived) criteria to characterize the quality of secondary research and thus the overall strength of a body of evidence?,0.3042
2419,How can empirical methods be used to study the effectiveness of Requirements Management practices?,How often are standards used to describe the theories incorporated?,0.3042
2420,What are the methods for ensuring the transparency and reproducibility of empirical research in Requirements Engineering?,Do the authors report the selected context of their study with specific characteristics?,0.3042
2421,How can the use of empirical methods in Requirements Engineering research be improved?,"""Do the authors synthesize and present the results as checklists or guidelines applicable for industrial users, such as policy-makers, practitioners, and the general public?""",0.3042
2422,How can empirical research support the development of more effective Requirements Elicitation techniques?,How has the use of triangulation for research design evolved over time?,0.3041
2423,How can the findings from empirical Requirements Engineering studies be synthesized and communicated to practitioners?,How has comparing new approaches with relevant alternative approaches used in the industry evolved over time?,0.3041
2424,How can empirical methods guide the development of new SE technology in Requirements Engineering?,How has the proportion of papers that do not have an empirical study evolved over time?,0.3040
2425,How can empirical evidence in Requirements Engineering inform decision-making processes in software engineering?,"""How has the provision of data (the materials used, raw data collected, and study results identified) evolved over time?""",0.3039
2426,Which empirical methods are most commonly deployed in industry-academia collaborations in Requirements Engineering?,"""Do the authors refer to and consistently use a basic terminology, descriptors, and keywords to identify and select primary studies for (systematic literature) reviews?""",0.3039
2427,How can empirical research in Requirements Engineering contribute to theory building?,How has comparing new approaches with relevant alternative approaches used in the industry evolved over time?,0.3039
2428,How can empirical research in Requirements Engineering address the challenge of generalizability?,How has the reporting of the tasks evolved over time?,0.3039
2429,What are the common themes in the empirical literature on Requirements Engineering?,"""For which purpose do authors incorporate theories into their studies (use, testing, modification, formulation)?""",0.3038
2430,How can biases be minimized in empirical studies of Requirements Engineering?,Do the authors synthesize and present the results as checklists or guidelines applicable for industrial users?,0.3038
2431,What are the future directions for empirical research in Requirements Engineering?,"""How up-to-date (and relevant) are reported (systematic) reviews, so-called secondary research?""",0.3038
2432,How can empirical methods be used to study the effectiveness of Requirements Management practices?,Do the authors synthesize and present the results as checklists or guidelines applicable for industrial users?,0.3036
2433,How can empirical findings in Requirements Engineering be validated through multiple studies and contexts?,How has the use of standards to describe the theories incorporated evolved over time?,0.3036
2434,How can the constructs and variables used in empirical Requirements Engineering research be defined and operationalized?,"""For which purpose do authors incorporate theories into their studies (use, testing, modification, formulation)?""",0.3035
2435,Which empirical methods are most commonly deployed in industry-academia collaborations in Requirements Engineering?,"""How has building on previous research data and results, including from other disciplines, evolved over time?""",0.3035
2436,What are the methods for synthesizing empirical evidence from diverse study designs in Requirements Engineering?,Do authors report that assumptions and limitations of statistical methods are met before using them?,0.3034
2437,What are the key variables studied in empirical Requirements Engineering research?,"""Do the authors synthesize and present the results as checklists or guidelines applicable for industrial users, such as policy-makers, practitioners, and the general public?""",0.3033
2438,What are the key variables studied in empirical Requirements Engineering research?,Do the authors use (a common set of empirically derived) criteria to characterize the quality of secondary research and thus the overall strength of a body of evidence?,0.3033
2439,Which empirical methods are most commonly deployed in industry-academia collaborations in Requirements Engineering?,Do the authors use multiple digital libraries including publications from SE and RE and related disciplines for (systematic literature) reviews?,0.3032
2440,What are the critical success factors for industry-academia research collaborations in Requirements Engineering?,"""How has the proportions of  empirical methods to conduct (systematic literature) reviews, so-called secondary research, evolved over time?""",0.3032
2441,What are the best practices for conducting systematic reviews in empirical Requirements Engineering research?,"""For which purpose do authors incorporate theories into their studies (use, testing, modification, formulation)?""",0.3031
2442,What are the common challenges encountered in conducting empirical case studies in Requirements Engineering?,How has the reporting of the tasks evolved over time?,0.3031
2443,How can the scope of empirical studies in Requirements Engineering be systematically defined and reported?,How has the reporting of the subjects evolved over time?,0.3031
2444,What are the methods for triangulating data in empirical Requirements Engineering studies?,"""How has building on previous research data and results, including from other disciplines, evolved over time?""",0.3031
2445,What are the best practices for designing and conducting action research in Requirements Engineering?,"""For which purpose do authors incorporate theories into their studies (use, testing, modification, formulation)?""",0.3030
2446,What are the ethical considerations in conducting empirical research in Requirements Engineering?,How has the reporting of threats to validity evolved over time?,0.3030
2447,What methods are used to ensure the reliability and validity of empirical data in Requirements Engineering research?,How has the use of statistical methods evolved over time?,0.3030
2448,What are the critical success factors for industry-academia research collaborations in Requirements Engineering?,"""How has building on previous research data and results, including from other disciplines, evolved over time?""",0.3029
2449,How has the use of empirical methods in Requirements Engineering evolved over time?,Do the authors use (a common set of empirically derived) criteria to characterize the quality of secondary research and thus the overall strength of a body of evidence?,0.3029
2450,What methods are used to ensure the reliability and validity of empirical data in Requirements Engineering research?,"""How up-to-date (and relevant) are reported (systematic) reviews, so-called secondary research?""",0.3028
2451,How can empirical research in Requirements Engineering address the needs of global software development teams?,How has the use of (a common set of empirically derived) criteria to characterize the quality of secondary research and thus the overall strength of a body of evidence evolved over time?,0.3028
2452,How can empirical research in Requirements Engineering contribute to improving software development processes?,"""How has building on previous research data and results, including from other disciplines, evolved over time?""",0.3027
2453,How can empirical research in Requirements Engineering benefit from interdisciplinary approaches?,"""Do the authors synthesize and present the results as checklists or guidelines applicable for industrial users, such as policy-makers, practitioners, and the general public?""",0.3027
2454,How can industry feedback be systematically incorporated into empirical Requirements Engineering research?,"""Do the authors refer to and consistently use a basic terminology, descriptors, and keywords to identify and select primary studies for (systematic literature) reviews?""",0.3026
2455,What mechanisms exist to facilitate industry-academia collaboration in empirical Requirements Engineering research?,How has the incorporation of theories in studies evolved over time?,0.3026
2456,Which empirical methods are recommended for synthesizing evidence in Requirements Engineering?,"""Do the authors refer to and consistently use a basic terminology, descriptors, and keywords to identify and select primary studies for (systematic literature) reviews?""",0.3025
2457,How can empirical findings in Requirements Engineering be translated into best practices?,How has the reporting of the setting evolved over time?,0.3025
2458,How can empirical research in Requirements Engineering contribute to theory building?,How many publications are analyzed in (systematic literature) reviews?,0.3025
2459,What are the best practices for designing and conducting action research in Requirements Engineering?,Have the authors done a systematic review of related work?,0.3025
2460,What are the critical research gaps in the empirical study of Requirements Engineering?,How has the number of empirical methods used per publication evolved over time?,0.3024
2461,How can empirical studies in Requirements Engineering be made more rigorous and impactful?,How has the proportion of pure demonstrations (proof of concept) and simple experience reports (lessons learned) evolved over time?,0.3024
2462,What are the common themes in the empirical literature on Requirements Engineering?,How often are which empirical methods used over time?,0.3024
2463,What are the considerations for designing controlled experiments in Requirements Engineering?,"""How have the proportions of experiments, secondary research (reviews), surveys, case studies, and action research in the empirical methods used evolved over time?""",0.3024
2464,What criteria are used to evaluate the quality of empirical studies in Requirements Engineering?,Have the authors done a systematic review of related work?,0.3024
2465,What are the critical research gaps in the empirical study of Requirements Engineering?,How has the proportion of empirical studies evolved over time?,0.3022
2466,What are the best practices for designing and conducting action research in Requirements Engineering?,How has the reporting of the tasks evolved over time?,0.3021
2467,How can empirical research in Requirements Engineering benefit from interdisciplinary approaches?,How many studies incorporate theories?,0.3020
2468,What methods are used to ensure the reliability and validity of empirical data in Requirements Engineering research?,"""Do the authors synthesize and present the results as checklists or guidelines applicable for industrial users, such as policy-makers, practitioners, and the general public?""",0.3020
2469,How can empirical research support the development of more effective Requirements Elicitation techniques?,"""Do the authors synthesize and present the results as checklists or guidelines applicable for industrial users, such as policy-makers, practitioners, and the general public?""",0.3020
2470,What are the core empirical methods used in Requirements Engineering research?,How has the use of triangulation for research design evolved over time?,0.3018
2471,How can empirical research contribute to the development of standardized practices in Requirements Engineering?,How has the use of theories for a diverse and reflective generalization of study results evolved over time?,0.3018
2472,How can empirical research address the socio-technical aspects of Requirements Engineering?,How has the reporting of the objects of study / treatments evolved over time?,0.3018
2473,How can empirical methods be used to evaluate the impact of new Requirements Engineering techniques?,How has the use of standards to describe the theories incorporated evolved over time?,0.3018
2474,How can empirical data from multiple studies be effectively integrated in Requirements Engineering research?,Do the authors synthesize and present the results as checklists or guidelines applicable for industrial users?,0.3017
2475,How can the use of empirical methods in Requirements Engineering research be improved?,How often are standards used to describe the theories incorporated?,0.3017
2476,What criteria are used to evaluate the quality of empirical studies in Requirements Engineering?,Do the authors exlain HOW their apporach is better than others in a selected context with specific characteristics?,0.3017
2477,What are the methods for synthesizing empirical evidence from diverse study designs in Requirements Engineering?,How has the reporting of the setting evolved over time?,0.3016
2478,How has the use of empirical methods in Requirements Engineering evolved over time?,How has the proportion of each of the three levels of sophistication for theories from SE and RE evolved over time?,0.3016
2479,How can empirical methods be used to study the effectiveness of Requirements Management practices?,Do the authors use (a common set of empirically derived) criteria to characterize the quality of secondary research and thus the overall strength of a body of evidence?,0.3015
2480,How can empirical studies in Requirements Engineering better address the needs of diverse stakeholders?,How has the proportion of papers that do not have an empirical study evolved over time?,0.3015
2481,What are the methods for conducting effective surveys in Requirements Engineering research?,"""How up-to-date (and relevant) are reported (systematic) reviews, so-called secondary research?""",0.3015
2482,How can empirical evidence in Requirements Engineering inform decision-making processes in software engineering?,How many different empirical methods are used per publication?,0.3014
2483,How can empirical research in Requirements Engineering address the needs of global software development teams?,How often are which empirical methods used?,0.3014
2484,"In what ways can empirical research methods be integrated into software engineering education, specifically for Requirements Engineering?",How has comparing new approaches with relevant alternative approaches used in the industry evolved over time?,0.3013
2485,What are the major challenges in applying empirical methods to Requirements Engineering research?,How often are which statistical methods used?,0.3013
2486,What are the implications of empirical research for the future of Requirements Engineering as a discipline?,How has the reporting of research questions and answers evolved over time?,0.3013
2487,How can biases be minimized in empirical studies of Requirements Engineering?,Do the authors exlain WHEN their apporach is better than others in a selected context with specific characteristics?,0.3012
2488,What are the key success factors for empirical studies in Requirements Engineering?,"""How up-to-date (and relevant) are reported (systematic) reviews, so-called secondary research?""",0.3012
2489,What are the best practices for conducting systematic reviews in empirical Requirements Engineering research?,How has the use of theories for a diverse and reflective generalization of study results evolved over time?,0.3012
2490,Which empirical methods are recommended for synthesizing evidence in Requirements Engineering?,How has the reporting of the context evolved over time?,0.3012
2491,How can industry feedback be systematically incorporated into empirical Requirements Engineering research?,"""How has building on previous research data and results, including from other disciplines, evolved over time?""",0.3012
2492,What are the methods for synthesizing empirical evidence from diverse study designs in Requirements Engineering?,How has the proportion of each of the three levels of sophistication for theories from SE and RE evolved over time?,0.3011
2493,How can empirical research in Requirements Engineering support the development of industry-relevant guidelines and checklists?,How has the proportion of papers that do not have an empirical study evolved over time?,0.3011
2494,What mechanisms exist to facilitate industry-academia collaboration in empirical Requirements Engineering research?,"""For which purpose do authors incorporate theories into their studies (use, testing, modification, formulation)?""",0.3010
2495,What are the future directions for empirical research in Requirements Engineering?,How many publications are analyzed in (systematic literature) reviews?,0.3010
2496,What are the guidelines for conducting high-quality empirical studies in Requirements Engineering?,What types of threats to validity do the authors report?,0.3009
2497,What are the criteria for assessing the credibility of empirical research findings in Requirements Engineering?,Have the authors done a systematic review of related work?,0.3009
2498,How has the use of empirical methods in Requirements Engineering evolved over time?,"""Do the authors use standards to describe the theories incorporated (used, tested, modified, formulated)?""",0.3009
2499,How can empirical research in Requirements Engineering be used to inform policy-making in software engineering?,Do the authors report the selected context of their study with specific characteristics?,0.3008
2500,How can empirical research support the development of more effective Requirements Elicitation techniques?,How has the proportion of pure demonstrations (proof of concept) and simple experience reports (lessons learned) evolved over time?,0.3008
2501,What are the core empirical methods used in Requirements Engineering research?,How has the use of standards to describe the theories incorporated evolved over time?,0.3008
2502,What are the methods for assessing the impact of empirical studies in Requirements Engineering on industry practices?,How has the reporting of the subjects evolved over time?,0.3008
2503,How can the reproducibility of empirical studies in Requirements Engineering be ensured?,Does the research design allow for efficient reuse of study (results) by other researchers?,0.3008
2504,What are the trends in the methodological approaches used in empirical Requirements Engineering research?,How has the reporting of the subjects evolved over time?,0.3008
2505,What are the criteria for selecting appropriate empirical methods for specific research questions in Requirements Engineering?,How many studies incorporate theories?,0.3007
2506,How can industry feedback be systematically incorporated into empirical Requirements Engineering research?,Do the authors use (a common set of empirically derived) criteria to characterize the quality of secondary research and thus the overall strength of a body of evidence?,0.3007
2507,"How can empirical methods in Requirements Engineering be adapted to address complex, real-world problems?","""How have the proportions of experiments, secondary research (reviews), surveys, case studies, and action research in the empirical methods used evolved over time?""",0.3006
2508,What are the criteria for assessing the credibility of empirical research findings in Requirements Engineering?,Do the authors refer to a reference (website or systematic review) that systematizes and characterizes the theory incorporated?,0.3006
2509,How can the threats to internal and external validity be mitigated in empirical studies of Requirements Engineering?,How has the use of (a common set of empirically derived) criteria to assess the quality of individual studies evolved over time?,0.3006
2510,What is the role of empirical methods in advancing the state-of-the-art in Requirements Engineering?,How has comparing new approaches with relevant alternative approaches used in the industry evolved over time?,0.3005
2511,What are the future directions for empirical research in Requirements Engineering?,Do the authors report the selected context of their study with specific characteristics?,0.3004
2512,What are the ethical considerations in conducting empirical research in Requirements Engineering?,How has the reporting of research questions and answers evolved over time?,0.3003
2513,What are the methods for triangulating data in empirical Requirements Engineering studies?,Do the authors report the selected context of their study with specific characteristics?,0.3002
2514,What are the common themes in the empirical literature on Requirements Engineering?,How has the use of standards to describe the theories incorporated evolved over time?,0.3002
2515,How can empirical research in Requirements Engineering contribute to improving software development processes?,How many publications are analyzed in (systematic literature) reviews?,0.3002
2516,What are the methods for conducting effective surveys in Requirements Engineering research?,How has the proportion of papers that do not have an empirical study evolved over time?,0.2999
2517,What are the common themes in the empirical literature on Requirements Engineering?,"""How has the provision of data (the materials used, raw data collected, and study results identified) evolved over time?""",0.2998
2518,What are the key success factors for empirical studies in Requirements Engineering?,How many studies incorporate theories?,0.2998
2519,What are the considerations for designing controlled experiments in Requirements Engineering?,"""For which purpose do authors incorporate theories into their studies (use, testing, modification, formulation)?""",0.2997
2520,How can biases be minimized in empirical studies of Requirements Engineering?,How has the number of empirical methods used per publication evolved over time?,0.2997
2521,How can the external validity of empirical studies in Requirements Engineering be enhanced?,Does the research design allow for efficient reuse of study (results) by other researchers?,0.2997
2522,How can the findings from empirical Requirements Engineering studies be synthesized and communicated to practitioners?,How has the reporting of the objects of study / treatments evolved over time?,0.2996
2523,How can empirical studies in Requirements Engineering be made more rigorous and impactful?,How do the authors justify preventing bias in the study results?,0.2996
2524,How can the relevance and impact of empirical studies in Requirements Engineering be increased?,How has the reporting of the context evolved over time?,0.2996
2525,How can empirical research in Requirements Engineering support the development of new tools and technologies?,How has the use of standards to describe the theories incorporated evolved over time?,0.2994
2526,How can empirical research address the socio-technical aspects of Requirements Engineering?,How has the reporting of the context evolved over time?,0.2993
2527,What role do replications play in ensuring the robustness of empirical studies in Requirements Engineering?,How has the use of triangulation for research design evolved over time?,0.2993
2528,What are the major challenges in applying empirical methods to Requirements Engineering research?,"""Do the authors synthesize and present the results as checklists or guidelines applicable for industrial users, such as policy-makers, practitioners, and the general public?""",0.2992
2529,What are the key success factors for empirical studies in Requirements Engineering?,How has the reporting of research questions and answers evolved over time?,0.2992
2530,What are the common challenges encountered in conducting empirical case studies in Requirements Engineering?,How has the use of (a common set of empirically derived) criteria to assess the quality of individual studies evolved over time?,0.2992
2531,What criteria are used to evaluate the quality of empirical studies in Requirements Engineering?,Do authors report that assumptions and limitations of statistical methods are met before using them?,0.2991
2532,What role do replications play in ensuring the robustness of empirical studies in Requirements Engineering?,How do the authors justify preventing bias in the study results?,0.2991
2533,What are the primary research questions addressed by empirical methods in Requirements Engineering studies?,Do the authors refer to a reference (website or systematic review) that systematizes and characterizes the theory incorporated?,0.2990
2534,What are the methods for synthesizing empirical evidence from diverse study designs in Requirements Engineering?,What is the proportion of each of the three levels of sophistication for theories from SE and RE?,0.2990
2535,What are the primary research questions addressed by empirical methods in Requirements Engineering studies?, How do the authors justify the lack of a proper study?,0.2990
2536,What are the methods for ensuring the transparency and reproducibility of empirical research in Requirements Engineering?,How has the reporting of the setting evolved over time?,0.2990
2537,What methods are used to ensure the reliability and validity of empirical data in Requirements Engineering research?,How has the reporting of research questions and answers evolved over time?,0.2990
2538,How can empirical research address the socio-technical aspects of Requirements Engineering?,"""How up-to-date (and relevant) are reported (systematic) reviews, so-called secondary research?""",0.2989
2539,What are the implications of empirical research for the future of Requirements Engineering as a discipline?,"""How has building on previous research data and results, including from other disciplines, evolved over time?""",0.2989
2540,How do empirical studies in Requirements Engineering integrate quantitative and qualitative approaches?,How often are which statistical methods used?,0.2987
2541,What are the core empirical methods used in Requirements Engineering research?,Do the authors exlain HOW their apporach is better than others in a selected context with specific characteristics?,0.2987
2542,How can the findings from empirical Requirements Engineering studies be synthesized and communicated to practitioners?,How has the reporting of the setting evolved over time?,0.2987
2543,How can empirical research address the socio-technical aspects of Requirements Engineering?,How has the reporting of the setting evolved over time?,0.2985
2544,What is the role of empirical methods in advancing the state-of-the-art in Requirements Engineering?,How has the use of statistical methods evolved over time?,0.2984
2545,How can empirical research address the socio-technical aspects of Requirements Engineering?,How has comparing new approaches with relevant alternative approaches used in the industry evolved over time?,0.2984
2546,What are the standards for documenting and sharing empirical research data in Requirements Engineering?,How has the reporting of the setting evolved over time?,0.2983
2547,What are the key challenges in synthesizing qualitative and quantitative data in Requirements Engineering research?,How has the use of standards to describe the theories incorporated evolved over time?,0.2982
2548,What are the major challenges in applying empirical methods to Requirements Engineering research?,How has the use of statistical methods evolved over time?,0.2982
2549,What role do replications play in ensuring the robustness of empirical studies in Requirements Engineering?,Do the authors report the selected context of their study with specific characteristics?,0.2982
2550,How can the external validity of empirical studies in Requirements Engineering be enhanced?,How many studies incorporate theories?,0.2980
2551,How can the reproducibility of empirical studies in Requirements Engineering be ensured?,How do the authors justify preventing bias in the study results?,0.2980
2552,How can empirical studies in Requirements Engineering better address the needs of diverse stakeholders?,Do the authors synthesize and present the results as checklists or guidelines applicable for industrial users?,0.2979
2553,What are the lessons learned from past empirical studies in Requirements Engineering?,How has the reporting of threats to validity evolved over time?,0.2979
2554,What are the ethical considerations in conducting empirical research in Requirements Engineering?,How often are which empirical methods used over time?,0.2979
2555,How can empirical research support the development of more effective Requirements Elicitation techniques?,Do the authors use a well defined taxonomy for their research design?,0.2979
2556,What are the best practices for conducting systematic reviews in empirical Requirements Engineering research?,What types of threats to validity do the authors report?,0.2979
2557,What are the major challenges in applying empirical methods to Requirements Engineering research?,"""How up-to-date (and relevant) are reported (systematic) reviews, so-called secondary research?""",0.2979
2558,What are the lessons learned from past empirical studies in Requirements Engineering?,How many publications are analyzed in (systematic literature) reviews?,0.2979
2559,What are the best practices for conducting systematic reviews in empirical Requirements Engineering research?, How do the authors justify the lack of a proper study?,0.2978
2560,What are the ethical considerations in conducting empirical research in Requirements Engineering?,Do authors report that assumptions and limitations of statistical methods are met before using them?,0.2978
2561,How can empirical methods be used to evaluate the impact of new Requirements Engineering techniques?,"""How has the provision of data (the materials used, raw data collected, and study results identified) evolved over time?""",0.2978
2562,How can empirical methods be used to evaluate the impact of new Requirements Engineering techniques?,How has the use of statistical methods evolved over time?,0.2978
2563,How can the use of empirical methods in Requirements Engineering research be improved?,"""For which purpose do authors incorporate theories into their studies (use, testing, modification, formulation)?""",0.2977
2564,What are the implications of empirical research for Requirements Engineering education and training?,How has the reporting of the tasks evolved over time?,0.2976
2565,How can empirical research address the socio-technical aspects of Requirements Engineering?,How has the use of statistical methods evolved over time?,0.2974
2566,What are the key challenges in synthesizing qualitative and quantitative data in Requirements Engineering research?,"""For which purpose do authors incorporate theories into their studies (use, testing, modification, formulation)?""",0.2974
2567,What are the methods for synthesizing empirical evidence from diverse study designs in Requirements Engineering?,How many theories from the SE and RE are there?,0.2974
2568,How can empirical research contribute to the development of standardized practices in Requirements Engineering?,Have the authors done a systematic review of related work?,0.2974
2569,How can empirical studies in Requirements Engineering be made more rigorous and impactful?,"""Do the authors synthesize and present the results as checklists or guidelines applicable for industrial users, such as policy-makers, practitioners, and the general public?""",0.2973
2570,What are the implications of empirical research for Requirements Engineering education and training?,"""How has the provision of data (the materials used, raw data collected, and study results identified) evolved over time?""",0.2973
2571,How can the constructs and variables used in empirical Requirements Engineering research be defined and operationalized?,How has the proportion of studies by authors working for large software development companies evolved over time?,0.2971
2572,What methods are used to ensure the reliability and validity of empirical data in Requirements Engineering research?,How has the use of triangulation for research design evolved over time?,0.2970
2573,What are the critical success factors for industry-academia research collaborations in Requirements Engineering?,How do the authors justify the selection and combination of empirical methods and design elements?,0.2970
2574,How can empirical research findings in Requirements Engineering be made more accessible to practitioners?,Have the authors done a systematic review of related work?,0.2970
2575,How can empirical research findings in Requirements Engineering be made more accessible to practitioners?,Does the research design allow for efficient reuse of study (results) by other researchers?,0.2969
2576,How can empirical research findings in Requirements Engineering be made more accessible to practitioners?,"""For which purpose do authors incorporate theories into their studies (use, testing, modification, formulation)?""",0.2968
2577,How can the effectiveness of empirical methods in Requirements Engineering be assessed?,How many publications are analyzed in (systematic literature) reviews?,0.2968
2578,What are the methods for conducting effective surveys in Requirements Engineering research?,How has comparing new approaches with relevant alternative approaches used in the industry evolved over time?,0.2967
2579,How can empirical research in Requirements Engineering contribute to theory building?, How do the authors justify the lack of a proper study?,0.2967
2580,How can empirical research in Requirements Engineering support the development of industry-relevant guidelines and checklists?,How often are which empirical methods used over time?,0.2967
2581,What are the future directions for empirical research in Requirements Engineering?,"""How has building on previous research data and results, including from other disciplines, evolved over time?""",0.2967
2582,What are the key challenges in synthesizing qualitative and quantitative data in Requirements Engineering research?,"""Do the authors synthesize and present the results as checklists or guidelines applicable for industrial users, such as policy-makers, practitioners, and the general public?""",0.2966
2583,What are the implications of empirical research for the future of Requirements Engineering as a discipline?,"""How has the provision of data (the materials used, raw data collected, and study results identified) evolved over time?""",0.2966
2584,How can industry feedback be systematically incorporated into empirical Requirements Engineering research?,How has the use of (a common set of empirically derived) criteria to assess the quality of individual studies evolved over time?,0.2965
2585,How can empirical findings in Requirements Engineering be validated through multiple studies and contexts?,How has the incorporation of theories in studies evolved over time?,0.2964
2586,What are the guidelines for conducting high-quality empirical studies in Requirements Engineering?,Do authors report that assumptions and limitations of statistical methods are met before using them?,0.2963
2587,What are the trends in the methodological approaches used in empirical Requirements Engineering research?,How many studies incorporate theories?,0.2962
2588,Which empirical methods are recommended for synthesizing evidence in Requirements Engineering?,What is the proportion of each of the three levels of sophistication for theories from SE and RE?,0.2960
2589,Which empirical methods are most commonly deployed in industry-academia collaborations in Requirements Engineering?,Have the authors done a systematic review of related work?,0.2959
2590,What are the common themes in the empirical literature on Requirements Engineering?,How many different empirical methods are used per publication?,0.2959
2591,How can the external validity of empirical studies in Requirements Engineering be enhanced?,How has the use of theories for a diverse and reflective generalization of study results evolved over time?,0.2959
2592,What is the role of empirical methods in advancing the state-of-the-art in Requirements Engineering?,"""Do the authors synthesize and present the results as checklists or guidelines applicable for industrial users, such as policy-makers, practitioners, and the general public?""",0.2958
2593,How can industry feedback be systematically incorporated into empirical Requirements Engineering research?,How has the reporting of the setting evolved over time?,0.2958
2594,What are the methods for conducting effective surveys in Requirements Engineering research?,Does the research design allow for efficient reuse of study (results) by other researchers?,0.2958
2595,How can empirical methods be used to evaluate the impact of new Requirements Engineering techniques?,Do authors report that assumptions and limitations of statistical methods are met before using them?,0.2958
2596,What are the lessons learned from past empirical studies in Requirements Engineering?,How many different empirical methods are used per publication?,0.2957
2597,How can empirical research in Requirements Engineering support the development of new tools and technologies?,Do the authors use (a common set of empirically derived) criteria to assess the quality of individual studies?,0.2957
2598,How can empirical research in Requirements Engineering support the development of new tools and technologies?,"""How up-to-date (and relevant) are reported (systematic) reviews, so-called secondary research?""",0.2956
2599,What is the role of empirical methods in advancing the state-of-the-art in Requirements Engineering?,How many publications are analyzed in (systematic literature) reviews?,0.2956
2600,How can empirical research in Requirements Engineering be used to inform policy-making in software engineering?,How has the reporting of the tasks evolved over time?,0.2956
2601,How can empirical research in Requirements Engineering contribute to theory building?,Do the authors use (a common set of empirically derived) criteria to assess the quality of individual studies?,0.2955
2602,How can empirical methods be used to evaluate the impact of new Requirements Engineering techniques?,How often are which statistical methods used?,0.2955
2603,How can the relevance and impact of empirical studies in Requirements Engineering be increased?,How has the reporting of the objects of study / treatments evolved over time?,0.2955
2604,How can empirical research in Requirements Engineering benefit from interdisciplinary approaches?,Do the authors synthesize and present the results as checklists or guidelines applicable for industrial users?,0.2954
2605,How can empirical findings in Requirements Engineering be translated into best practices?,How has the reporting of the context evolved over time?,0.2954
2606,What criteria are used to evaluate the quality of empirical studies in Requirements Engineering?,"""For which purpose do authors incorporate theories into their studies (use, testing, modification, formulation)?""",0.2954
2607,How can empirical research in Requirements Engineering address the challenge of generalizability?,Which sub-fields of SE and RE do the empirical studies cover over time?,0.2953
2608,What are the ethical considerations in conducting empirical research in Requirements Engineering?,How has the use of triangulation for research design evolved over time?,0.2952
2609,How can empirical studies in Requirements Engineering better address the needs of diverse stakeholders?,How has the number of empirical methods used per publication evolved over time?,0.2952
2610,What are the standards for documenting and sharing empirical research data in Requirements Engineering?,How has the reporting of the subjects evolved over time?,0.2952
2611,How can empirical research support the development of more effective Requirements Elicitation techniques?,"""How up-to-date (and relevant) are reported (systematic) reviews, so-called secondary research?""",0.2950
2612,How has the use of empirical methods in Requirements Engineering evolved over time?,"""For which purpose do authors incorporate theories into their studies (use, testing, modification, formulation)?""",0.2949
2613,How can the use of empirical methods in Requirements Engineering research be improved?,Do the authors exlain HOW their apporach is better than others in a selected context with specific characteristics?,0.2948
2614,How can the effectiveness of empirical methods in Requirements Engineering be assessed?,How often are standards used to describe the theories incorporated?,0.2948
2615,What are the implications of empirical research for Requirements Engineering education and training?,"""For which purpose do authors incorporate theories into their studies (use, testing, modification, formulation)?""",0.2947
2616,How can empirical methods guide the development of new SE technology in Requirements Engineering?,"""Do the authors synthesize and present the results as checklists or guidelines applicable for industrial users, such as policy-makers, practitioners, and the general public?""",0.2947
2617,How can empirical studies support the validation and refinement of Requirements Engineering theories?,Have the authors done a systematic review of related work?,0.2946
2618,How can the reproducibility of empirical studies in Requirements Engineering be ensured?,How many studies incorporate theories?,0.2946
2619,What are the standards for documenting and sharing empirical research data in Requirements Engineering?,How often are which statistical methods used?,0.2946
2620,What are the key success factors for empirical studies in Requirements Engineering?,"""For which purpose do authors incorporate theories into their studies (use, testing, modification, formulation)?""",0.2945
2621,What are the implications of heterogeneous interventions in empirical studies of Requirements Engineering?,How has the use of triangulation for research design evolved over time?,0.2945
2622,How can the external validity of empirical studies in Requirements Engineering be enhanced?,How has the reporting of research questions and answers evolved over time?,0.2945
2623,How do empirical studies in Requirements Engineering integrate quantitative and qualitative approaches?,How has the use of standards to describe the theories incorporated evolved over time?,0.2944
2624,How can empirical research in Requirements Engineering support the development of new tools and technologies?,How has the reporting of the objects of study / treatments evolved over time?,0.2944
2625,How can empirical methods be used to evaluate the impact of new Requirements Engineering techniques?,How many publications are analyzed in (systematic literature) reviews?,0.2942
2626,What are the implications of empirical research for the future of Requirements Engineering as a discipline?,Do the authors use (a common set of empirically derived) criteria to assess the quality of individual studies?,0.2942
2627,How can the use of empirical methods in Requirements Engineering research be improved?,Have the authors done a systematic review of related work?,0.2942
2628,How can empirical research in Requirements Engineering support the development of new tools and technologies?,Do the authors report the selected context of their study with specific characteristics?,0.2942
2629,What are the implications of empirical research for Requirements Engineering education and training?,Does the research design allow for efficient reuse of study (results) by other researchers?,0.2942
2630,"In what ways can empirical research methods be integrated into software engineering education, specifically for Requirements Engineering?", How do the authors justify the lack of a proper study?,0.2940
2631,How can the relevance and impact of empirical studies in Requirements Engineering be increased?,How has the use of standards to describe the theories incorporated evolved over time?,0.2940
2632,What are the methods for conducting effective surveys in Requirements Engineering research?,How has the proportion of empirical studies evolved over time?,0.2939
2633,What are the best practices for designing and conducting action research in Requirements Engineering?,How has the use of triangulation for research design evolved over time?,0.2938
2634,What mechanisms exist to facilitate industry-academia collaboration in empirical Requirements Engineering research?,"""How has the proportion of theories from other disciplines, from other disciplines with adaptions for the SE (RE), and from SE (RE) itself evolved over time?""",0.2937
2635,How has the use of empirical methods in Requirements Engineering evolved over time?,How many publications are analyzed in (systematic literature) reviews?,0.2937
2636,How can the constructs and variables used in empirical Requirements Engineering research be defined and operationalized?,"""Do the authors synthesize and present the results as checklists or guidelines applicable for industrial users, such as policy-makers, practitioners, and the general public?""",0.2937
2637,What are the core empirical methods used in Requirements Engineering research?,Do authors report that assumptions and limitations of statistical methods are met before using them?,0.2936
2638,What are the methods for assessing the impact of empirical studies in Requirements Engineering on industry practices?,How has the reporting of the context evolved over time?,0.2936
2639,How can empirical research in Requirements Engineering address the challenge of generalizability?,How has the proportion of empirical studies evolved over time?,0.2934
2640,How can empirical methods be used to evaluate the impact of new Requirements Engineering techniques?,"""How has building on previous research data and results, including from other disciplines, evolved over time?""",0.2934
2641,How can empirical research in Requirements Engineering address the needs of global software development teams?,Do the authors use (a common set of empirically derived) criteria to assess the quality of individual studies?,0.2932
2642,How can empirical studies in Requirements Engineering be made more rigorous and impactful?,"""How has the provision of data (the materials used, raw data collected, and study results identified) evolved over time?""",0.2931
2643,What are the lessons learned from past empirical studies in Requirements Engineering?,How has the use of theories for a diverse and reflective generalization of study results evolved over time?,0.2930
2644,"How can empirical methods in Requirements Engineering be adapted to address complex, real-world problems?",How has comparing new approaches with relevant alternative approaches used in the industry evolved over time?,0.2929
2645,What are the methods for triangulating data in empirical Requirements Engineering studies?,How many publications are analyzed in (systematic literature) reviews?,0.2929
2646,How has the use of empirical methods in Requirements Engineering evolved over time?,"""Do the authors synthesize and present the results as checklists or guidelines applicable for industrial users, such as policy-makers, practitioners, and the general public?""",0.2927
2647,How can the relevance and impact of empirical studies in Requirements Engineering be increased?,How often are standards used to describe the theories incorporated?,0.2927
2648,How can empirical evidence in Requirements Engineering inform decision-making processes in software engineering?,Do the authors use a well defined taxonomy for their research design?,0.2927
2649,How can biases be minimized in empirical studies of Requirements Engineering?,How has the reporting of the tasks evolved over time?,0.2927
2650,How can the findings from empirical Requirements Engineering studies be synthesized and communicated to practitioners?,How has the proportion of pure demonstrations (proof of concept) and simple experience reports (lessons learned) evolved over time?,0.2927
2651,How can empirical research in Requirements Engineering benefit from interdisciplinary approaches?,How has the incorporation of theories in studies evolved over time?,0.2927
2652,What mechanisms exist to facilitate industry-academia collaboration in empirical Requirements Engineering research?,Which methods are used to synthesize evidence from data of different empirical methods?,0.2926
2653,How can empirical research contribute to the development of standardized practices in Requirements Engineering?,How has the proportion of pure demonstrations (proof of concept) and simple experience reports (lessons learned) evolved over time?,0.2925
2654,How can empirical research in Requirements Engineering address the needs of global software development teams?,How has the proportion of papers that do not have an empirical study evolved over time?,0.2925
2655,What are the best practices for designing and conducting action research in Requirements Engineering?,"""How has the proportions of  empirical methods to conduct (systematic literature) reviews, so-called secondary research, evolved over time?""",0.2925
2656,"In what ways can empirical research methods be integrated into software engineering education, specifically for Requirements Engineering?",How has the incorporation of theories in studies evolved over time?,0.2925
2657,How can empirical research address the socio-technical aspects of Requirements Engineering?,How has the proportion of pure demonstrations (proof of concept) and simple experience reports (lessons learned) evolved over time?,0.2924
2658,What mechanisms exist to facilitate industry-academia collaboration in empirical Requirements Engineering research?,Have the authors done a systematic review of related work?,0.2924
2659,What are the key challenges in synthesizing qualitative and quantitative data in Requirements Engineering research?,Which sub-fields of SE and RE do the empirical studies cover over time?,0.2924
2660,How can empirical studies in Requirements Engineering better address the needs of diverse stakeholders?,"""How has building on previous research data and results, including from other disciplines, evolved over time?""",0.2924
2661,How can the use of empirical methods in Requirements Engineering research be improved?,How has the use of standards to describe the theories incorporated evolved over time?,0.2924
2662,How can empirical findings in Requirements Engineering be translated into best practices?,"""For which purpose do authors incorporate theories into their studies (use, testing, modification, formulation)?""",0.2923
2663,How can empirical research in Requirements Engineering contribute to improving software development processes?,How has the use of triangulation for research design evolved over time?,0.2923
2664,How can empirical studies support the validation and refinement of Requirements Engineering theories?, How do the authors justify the lack of a proper study?,0.2921
2665,How can empirical studies in Requirements Engineering better address the needs of diverse stakeholders?,"""How has the provision of data (the materials used, raw data collected, and study results identified) evolved over time?""",0.2921
2666,What are the implications of empirical research for the future of Requirements Engineering as a discipline?,How many different empirical methods are used per publication?,0.2921
2667,How can the relevance and impact of empirical studies in Requirements Engineering be increased?,How has the reporting of the subjects evolved over time?,0.2921
2668,How can empirical studies in Requirements Engineering better address the needs of diverse stakeholders?,How many publications are analyzed in (systematic literature) reviews?,0.2921
2669,How can the threats to internal and external validity be mitigated in empirical studies of Requirements Engineering?,Do the authors synthesize and present the results as checklists or guidelines applicable for industrial users?,0.2921
2670,What are the common themes in the empirical literature on Requirements Engineering?,How has the use of (a common set of empirically derived) criteria to assess the quality of individual studies evolved over time?,0.2921
2671,How can empirical methods guide the development of new SE technology in Requirements Engineering?,How often are standards used to describe the theories incorporated?,0.2920
2672,Which empirical methods are most commonly deployed in industry-academia collaborations in Requirements Engineering?,"""How up-to-date (and relevant) are reported (systematic) reviews, so-called secondary research?""",0.2920
2673,What criteria are used to evaluate the quality of empirical studies in Requirements Engineering?,What types of threats to validity do the authors report?,0.2920
2674,What are the methods for evaluating the reliability of empirical data in Requirements Engineering research?,How has the reporting of research questions and answers evolved over time?,0.2920
2675,What role do replications play in ensuring the robustness of empirical studies in Requirements Engineering?,Do authors report that assumptions and limitations of statistical methods are met before using them?,0.2919
2676,What methods are used to ensure the reliability and validity of empirical data in Requirements Engineering research?,"""Do the authors use standards to describe the theories incorporated (used, tested, modified, formulated)?""",0.2918
2677,How can empirical research findings in Requirements Engineering be made more accessible to practitioners?, How do the authors justify the lack of a proper study?,0.2917
2678,What are the trends in the methodological approaches used in empirical Requirements Engineering research?,How has the reporting of the setting evolved over time?,0.2916
2679,How can empirical research in Requirements Engineering contribute to improving software development processes?,How has the reporting of the objects of study / treatments evolved over time?,0.2916
2680,What are the implications of empirical research for Requirements Engineering education and training?,How many different empirical methods are used per publication?,0.2915
2681,How can empirical research in Requirements Engineering support the development of industry-relevant guidelines and checklists?,How has the reporting of the tasks evolved over time?,0.2915
2682,How can empirical research in Requirements Engineering address the challenge of generalizability?,How many different empirical methods are used per publication?,0.2914
2683,What are the implications of heterogeneous interventions in empirical studies of Requirements Engineering?,How has comparing new approaches with relevant alternative approaches used in the industry evolved over time?,0.2914
2684,What mechanisms exist to facilitate industry-academia collaboration in empirical Requirements Engineering research?,Do the authors use multiple digital libraries including publications from SE and RE and related disciplines for (systematic literature) reviews?,0.2914
2685,What are the considerations for designing controlled experiments in Requirements Engineering?,"""Do the authors synthesize and present the results as checklists or guidelines applicable for industrial users, such as policy-makers, practitioners, and the general public?""",0.2913
2686,What are the methods for assessing the impact of empirical studies in Requirements Engineering on industry practices?,How many studies incorporate theories?,0.2913
2687,How can empirical research in Requirements Engineering address the challenge of generalizability?,How often are which empirical methods used over time?,0.2913
2688,How can the external validity of empirical studies in Requirements Engineering be enhanced?,How has the reporting of the tasks evolved over time?,0.2912
2689,How can the external validity of empirical studies in Requirements Engineering be enhanced?,"""Do the authors refer to and consistently use a basic terminology, descriptors, and keywords to identify and select primary studies for (systematic literature) reviews?""",0.2912
2690,What are the implications of empirical research for the future of Requirements Engineering as a discipline?,Do the authors use (a common set of empirically derived) criteria to characterize the quality of secondary research and thus the overall strength of a body of evidence?,0.2911
2691,What are the critical success factors for industry-academia research collaborations in Requirements Engineering?,Do the authors use other channels to publish their results for making them available to industrial users?,0.2909
2692,What are the methods for assessing the impact of empirical studies in Requirements Engineering on industry practices?,How often are which statistical methods used?,0.2909
2693,How can empirical research contribute to the development of standardized practices in Requirements Engineering?,How has the use of statistical methods evolved over time?,0.2909
2694,What role do replications play in ensuring the robustness of empirical studies in Requirements Engineering?,"""Do the authors use standards to describe the theories incorporated (used, tested, modified, formulated)?""",0.2908
2695,How can empirical methods guide the development of new SE technology in Requirements Engineering?,What is the proportion of each of the three levels of sophistication for theories from SE and RE?,0.2908
2696,How do empirical studies in Requirements Engineering integrate quantitative and qualitative approaches?,"""Do the authors synthesize and present the results as checklists or guidelines applicable for industrial users, such as policy-makers, practitioners, and the general public?""",0.2907
2697,What are the methods for ensuring the transparency and reproducibility of empirical research in Requirements Engineering?,"""Do the authors refer to and consistently use a basic terminology, descriptors, and keywords to identify and select primary studies for (systematic literature) reviews?""",0.2907
2698,How can the relevance and impact of empirical studies in Requirements Engineering be increased?,How has the reporting of the setting evolved over time?,0.2906
2699,How can empirical studies in Requirements Engineering better address the needs of diverse stakeholders?,How has the use of (a common set of empirically derived) criteria to characterize the quality of secondary research and thus the overall strength of a body of evidence evolved over time?,0.2906
2700,What are the critical research gaps in the empirical study of Requirements Engineering?,How has the use of (a common set of empirically derived) criteria to assess the quality of individual studies evolved over time?,0.2905
2701,What are the critical research gaps in the empirical study of Requirements Engineering?,How many publications are analyzed in (systematic literature) reviews?,0.2905
2702,What are the major challenges in applying empirical methods to Requirements Engineering research?,"""For which purpose do authors incorporate theories into their studies (use, testing, modification, formulation)?""",0.2904
2703,What are the implications of empirical research for Requirements Engineering education and training?,How many studies incorporate theories?,0.2904
2704,How can empirical findings in Requirements Engineering be translated into best practices?,How has the proportion of empirical studies evolved over time?,0.2904
2705,What are the methods for ensuring the transparency and reproducibility of empirical research in Requirements Engineering?,How has the reporting of threats to validity evolved over time?,0.2904
2706,What criteria are used to evaluate the quality of empirical studies in Requirements Engineering?,"""How has the provision of data (the materials used, raw data collected, and study results identified) evolved over time?""",0.2904
2707,How can the use of empirical methods in Requirements Engineering research be improved?,"""Do the authors use standards to describe the theories incorporated (used, tested, modified, formulated)?""",0.2903
2708,What are the methods for ensuring the transparency and reproducibility of empirical research in Requirements Engineering?,Do the authors use other channels to publish their results for making them available to industrial users?,0.2903
2709,How can industry feedback be systematically incorporated into empirical Requirements Engineering research?,"""How has the provision of data (the materials used, raw data collected, and study results identified) evolved over time?""",0.2903
2710,Which empirical methods are recommended for synthesizing evidence in Requirements Engineering?, How do the authors justify the lack of a proper study?,0.2902
2711,How can empirical studies in Requirements Engineering better address the needs of diverse stakeholders?,Have the authors done a systematic review of related work?,0.2901
2712,How can the threats to internal and external validity be mitigated in empirical studies of Requirements Engineering?,Which sub-fields of SE and RE do the empirical studies cover over time?,0.2901
2713,What are the core empirical methods used in Requirements Engineering research?,Do the authors refer to a reference (website or systematic review) that systematizes and characterizes the theory incorporated?,0.2901
2714,How can empirical research contribute to the development of standardized practices in Requirements Engineering?,Do authors report that assumptions and limitations of statistical methods are met before using them?,0.2900
2715,How can the relevance and impact of empirical studies in Requirements Engineering be increased?,How has the use of triangulation for research design evolved over time?,0.2899
2716,What are the methods for assessing the impact of empirical studies in Requirements Engineering on industry practices?,"""For which purpose do authors incorporate theories into their studies (use, testing, modification, formulation)?""",0.2899
2717,What are the future directions for empirical research in Requirements Engineering?,How often are standards used to describe the theories incorporated?,0.2898
2718,What criteria are used to evaluate the quality of empirical studies in Requirements Engineering?,How has the reporting of the objects of study / treatments evolved over time?,0.2898
2719,How can the relevance and impact of empirical studies in Requirements Engineering be increased?,Which methods are used to synthesize evidence from data of different empirical methods?,0.2898
2720,How can the scope of empirical studies in Requirements Engineering be systematically defined and reported?,How has the reporting of threats to validity evolved over time?,0.2896
2721,What mechanisms exist to facilitate industry-academia collaboration in empirical Requirements Engineering research?,How has the reporting of the tasks evolved over time?,0.2896
2722,How can empirical methods guide the development of new SE technology in Requirements Engineering?,"""How has the proportion of theories from other disciplines, from other disciplines with adaptions for the SE (RE), and from SE (RE) itself evolved over time?""",0.2896
2723,How can empirical research contribute to the development of standardized practices in Requirements Engineering?,How has the reporting of the objects of study / treatments evolved over time?,0.2896
2724,What are the key variables studied in empirical Requirements Engineering research?,How many publications are analyzed in (systematic literature) reviews?,0.2896
2725,How can empirical research in Requirements Engineering contribute to theory building?,"""How has the provision of data (the materials used, raw data collected, and study results identified) evolved over time?""",0.2895
2726,What is the role of empirical methods in advancing the state-of-the-art in Requirements Engineering?,Do the authors report the selected context of their study with specific characteristics?,0.2895
2727,How can empirical research in Requirements Engineering support the development of new tools and technologies?,"""For which purpose do authors incorporate theories into their studies (use, testing, modification, formulation)?""",0.2894
2728,How can empirical evidence in Requirements Engineering inform decision-making processes in software engineering?,How many publications are analyzed in (systematic literature) reviews?,0.2893
2729,What are the methods for evaluating the reliability of empirical data in Requirements Engineering research?,"""How up-to-date (and relevant) are reported (systematic) reviews, so-called secondary research?""",0.2893
2730,What methods are used to ensure the reliability and validity of empirical data in Requirements Engineering research?,"""How has building on previous research data and results, including from other disciplines, evolved over time?""",0.2893
2731,What role do replications play in ensuring the robustness of empirical studies in Requirements Engineering?,Do the authors use multiple digital libraries including publications from SE and RE and related disciplines for (systematic literature) reviews?,0.2892
2732,What are the methods for assessing the impact of empirical studies in Requirements Engineering on industry practices?,"""How has building on previous research data and results, including from other disciplines, evolved over time?""",0.2892
2733,What role do replications play in ensuring the robustness of empirical studies in Requirements Engineering?,How has the reporting of the subjects evolved over time?,0.2892
2734,How can empirical studies support the validation and refinement of Requirements Engineering theories?,"""How has building on previous research data and results, including from other disciplines, evolved over time?""",0.2891
2735,How can empirical methods be used to evaluate the impact of new Requirements Engineering techniques?,Do the authors use a well defined taxonomy for their research design?,0.2891
2736,What are the implications of empirical research for the future of Requirements Engineering as a discipline?,Do the authors synthesize and present the results as checklists or guidelines applicable for industrial users?,0.2890
2737,How can empirical research in Requirements Engineering support the development of industry-relevant guidelines and checklists?,Do the authors refer to a reference (website or systematic review) that systematizes and characterizes the theory incorporated?,0.2890
2738,What are the lessons learned from past empirical studies in Requirements Engineering?,How has the incorporation of theories in studies evolved over time?,0.2889
2739,How can empirical studies in Requirements Engineering be made more rigorous and impactful?,How has the use of statistical methods evolved over time?,0.2889
2740,What criteria are used to evaluate the quality of empirical studies in Requirements Engineering?,How has the reporting of the tasks evolved over time?,0.2889
2741,How can the use of empirical methods in Requirements Engineering research be improved?,How has the reporting of research questions and answers evolved over time?,0.2888
2742,What are the ethical considerations in conducting empirical research in Requirements Engineering?,How has the proportion of papers that do not have an empirical study evolved over time?,0.2887
2743,How can empirical research in Requirements Engineering benefit from interdisciplinary approaches?,Does the research design allow for efficient reuse of study (results) by other researchers?,0.2887
2744,What mechanisms exist to facilitate industry-academia collaboration in empirical Requirements Engineering research?,Do the authors report the selected context of their study with specific characteristics?,0.2887
2745,How can industry feedback be systematically incorporated into empirical Requirements Engineering research?,How has the reporting of the context evolved over time?,0.2887
2746,What are the best practices for reporting empirical research findings in Requirements Engineering?,"""Do the authors use standards to describe the theories incorporated (used, tested, modified, formulated)?""",0.2886
2747,How can empirical research in Requirements Engineering benefit from interdisciplinary approaches?,How has the reporting of the tasks evolved over time?,0.2886
2748,How can empirical research address the socio-technical aspects of Requirements Engineering?,"""Do the authors use standards to describe the theories incorporated (used, tested, modified, formulated)?""",0.2885
2749,Which empirical methods are recommended for synthesizing evidence in Requirements Engineering?,Do the authors refer to a reference (website or systematic review) that systematizes and characterizes the theory incorporated?,0.2884
2750,How can empirical findings in Requirements Engineering be validated through multiple studies and contexts?,How has the reporting of the subjects evolved over time?,0.2884
2751,What are the common themes in the empirical literature on Requirements Engineering?,Do the authors exlain HOW their apporach is better than others in a selected context with specific characteristics?,0.2884
2752,What are the critical success factors for industry-academia research collaborations in Requirements Engineering?,How has the proportion of papers that do not have an empirical study evolved over time?,0.2884
2753,What are the implications of heterogeneous interventions in empirical studies of Requirements Engineering?,How has the proportion of empirical studies evolved over time?,0.2884
2754,How can the use of empirical methods in Requirements Engineering research be improved?, How do the authors justify the lack of a proper study?,0.2884
2755,How can empirical findings in Requirements Engineering be validated through multiple studies and contexts?,How has the proportion of pure demonstrations (proof of concept) and simple experience reports (lessons learned) evolved over time?,0.2884
2756,What are the methods for evaluating the reliability of empirical data in Requirements Engineering research?,What types of threats to validity do the authors report?,0.2883
2757,How can empirical evidence in Requirements Engineering inform decision-making processes in software engineering?,How has the reporting of the objects of study / treatments evolved over time?,0.2882
2758,How can empirical research in Requirements Engineering address the needs of global software development teams?,How often are which empirical methods used over time?,0.2882
2759,Which empirical methods are recommended for synthesizing evidence in Requirements Engineering?,How many theories from the SE and RE are there?,0.2881
2760,What are the criteria for selecting appropriate empirical methods for specific research questions in Requirements Engineering?,Do the authors exlain HOW their apporach is better than others in a selected context with specific characteristics?,0.2881
2761,Which empirical methods are most commonly deployed in industry-academia collaborations in Requirements Engineering?,How has the reporting of the objects of study / treatments evolved over time?,0.2880
2762,What methods are used to ensure the reliability and validity of empirical data in Requirements Engineering research?,"""Do the authors refer to and consistently use a basic terminology, descriptors, and keywords to identify and select primary studies for (systematic literature) reviews?""",0.2880
2763,What are the methods for ensuring the transparency and reproducibility of empirical research in Requirements Engineering?,Does the research design allow for efficient reuse of study (results) by other researchers?,0.2878
2764,How can empirical studies support the validation and refinement of Requirements Engineering theories?,"""Do the authors refer to and consistently use a basic terminology, descriptors, and keywords to identify and select primary studies for (systematic literature) reviews?""",0.2877
2765,How can empirical findings in Requirements Engineering be translated into best practices?,How has the reporting of the objects of study / treatments evolved over time?,0.2877
2766,What criteria are used to evaluate the quality of empirical studies in Requirements Engineering?,How often are which statistical methods used?,0.2877
2767,"In what ways can empirical research methods be integrated into software engineering education, specifically for Requirements Engineering?","""How up-to-date (and relevant) are reported (systematic) reviews, so-called secondary research?""",0.2876
2768,How can empirical research contribute to the development of standardized practices in Requirements Engineering?,"""How has the provision of data (the materials used, raw data collected, and study results identified) evolved over time?""",0.2876
2769,How can the reproducibility of empirical studies in Requirements Engineering be ensured?,How has the use of statistical methods evolved over time?,0.2874
2770,How can empirical findings in Requirements Engineering be translated into best practices?,Have the authors done a systematic review of related work?,0.2874
2771,What are the key variables studied in empirical Requirements Engineering research?,"""For which purpose do authors incorporate theories into their studies (use, testing, modification, formulation)?""",0.2873
2772,What are the critical research gaps in the empirical study of Requirements Engineering?,How has the reporting of research questions and answers evolved over time?,0.2872
2773,What role do replications play in ensuring the robustness of empirical studies in Requirements Engineering?,"""For which purpose do authors incorporate theories into their studies (use, testing, modification, formulation)?""",0.2871
2774,What are the key success factors for empirical studies in Requirements Engineering?,"""How has the provision of data (the materials used, raw data collected, and study results identified) evolved over time?""",0.2871
2775,How do empirical studies in Requirements Engineering integrate quantitative and qualitative approaches?,Do the authors use (a common set of empirically derived) criteria to characterize the quality of secondary research and thus the overall strength of a body of evidence?,0.2870
2776,How can empirical research support the development of more effective Requirements Elicitation techniques?,"""How has building on previous research data and results, including from other disciplines, evolved over time?""",0.2870
2777,What are the major challenges in applying empirical methods to Requirements Engineering research?,"""How has building on previous research data and results, including from other disciplines, evolved over time?""",0.2869
2778,How can empirical methods be used to study the effectiveness of Requirements Management practices?,How has the reporting of the objects of study / treatments evolved over time?,0.2868
2779,"How can empirical methods in Requirements Engineering be adapted to address complex, real-world problems?",How has the reporting of the tasks evolved over time?,0.2868
2780,How can the reproducibility of empirical studies in Requirements Engineering be ensured?,What types of threats to validity do the authors report?,0.2868
2781,What mechanisms exist to facilitate industry-academia collaboration in empirical Requirements Engineering research?,"""What is the proportion of theories from other disciplines, from other disciplines with adaptions for the SE and RE, and from SE and RE itself?""",0.2867
2782,How can empirical findings in Requirements Engineering be validated through multiple studies and contexts?,How often are which statistical methods used?,0.2867
2783,How can empirical studies in Requirements Engineering better address the needs of diverse stakeholders?,"""For which purpose do authors incorporate theories into their studies (use, testing, modification, formulation)?""",0.2867
2784,How can empirical studies in Requirements Engineering better address the needs of diverse stakeholders?,Do the authors exlain HOW their apporach is better than others in a selected context with specific characteristics?,0.2867
2785,How do empirical studies in Requirements Engineering integrate quantitative and qualitative approaches?,"""Do the authors use standards to describe the theories incorporated (used, tested, modified, formulated)?""",0.2866
2786,What are the criteria for assessing the credibility of empirical research findings in Requirements Engineering?,How has the reporting of the subjects evolved over time?,0.2865
2787,What is the role of empirical methods in advancing the state-of-the-art in Requirements Engineering?,How often are which statistical methods used?,0.2865
2788,What are the key challenges in synthesizing qualitative and quantitative data in Requirements Engineering research?,How has the reporting of the objects of study / treatments evolved over time?,0.2865
2789,How can the threats to internal and external validity be mitigated in empirical studies of Requirements Engineering?,Do the authors use (a common set of empirically derived) criteria to assess the quality of individual studies?,0.2864
2790,How can empirical findings in Requirements Engineering be validated through multiple studies and contexts?,Do the authors exlain WHEN their apporach is better than others in a selected context with specific characteristics?,0.2864
2791,How can empirical research in Requirements Engineering contribute to theory building?,How has the use of statistical methods evolved over time?,0.2863
2792,What are the trends in the methodological approaches used in empirical Requirements Engineering research?,How has the incorporation of theories in studies evolved over time?,0.2863
2793,How can empirical methods be used to study the effectiveness of Requirements Management practices?,How has the reporting of the setting evolved over time?,0.2863
2794,How can empirical research in Requirements Engineering contribute to improving software development processes?,"""How has the provision of data (the materials used, raw data collected, and study results identified) evolved over time?""",0.2863
2795,"How can empirical methods in Requirements Engineering be adapted to address complex, real-world problems?",How has the proportion of papers that do not have an empirical study evolved over time?,0.2863
2796,How can empirical studies in Requirements Engineering better address the needs of diverse stakeholders?,How often are standards used to describe the theories incorporated?,0.2862
2797,How can empirical research findings in Requirements Engineering be made more accessible to practitioners?,"""Do the authors use standards to describe the theories incorporated (used, tested, modified, formulated)?""",0.2862
2798,What are the methods for triangulating data in empirical Requirements Engineering studies?,How has comparing new approaches with relevant alternative approaches used in the industry evolved over time?,0.2861
2799,What mechanisms exist to facilitate industry-academia collaboration in empirical Requirements Engineering research?,Does the research design allow for efficient reuse of study (results) by other researchers?,0.2861
2800,How can empirical research in Requirements Engineering benefit from interdisciplinary approaches?,"""How has the provision of data (the materials used, raw data collected, and study results identified) evolved over time?""",0.2860
2801,How can empirical research in Requirements Engineering address the challenge of generalizability?,"""Do the authors synthesize and present the results as checklists or guidelines applicable for industrial users, such as policy-makers, practitioners, and the general public?""",0.2859
2802,What are the critical research gaps in the empirical study of Requirements Engineering?,How has the reporting of the tasks evolved over time?,0.2859
2803,Which empirical methods are most commonly deployed in industry-academia collaborations in Requirements Engineering?,How has the use of standards to describe the theories incorporated evolved over time?,0.2859
2804,How can empirical evidence in Requirements Engineering inform decision-making processes in software engineering?,How has the reporting of the context evolved over time?,0.2858
2805,What role do replications play in ensuring the robustness of empirical studies in Requirements Engineering?,How has the use of theories for a diverse and reflective generalization of study results evolved over time?,0.2857
2806,How can empirical research support the development of more effective Requirements Elicitation techniques?,"""How has the provision of data (the materials used, raw data collected, and study results identified) evolved over time?""",0.2857
2807,What are the critical success factors for industry-academia research collaborations in Requirements Engineering?,How has the use of triangulation for research design evolved over time?,0.2857
2808,What are the major challenges in applying empirical methods to Requirements Engineering research?,How has the use of triangulation for research design evolved over time?,0.2857
2809,How can the reproducibility of empirical studies in Requirements Engineering be ensured?,"""Do the authors refer to and consistently use a basic terminology, descriptors, and keywords to identify and select primary studies for (systematic literature) reviews?""",0.2856
2810,What are the implications of empirical research for Requirements Engineering education and training?,Do the authors synthesize and present the results as checklists or guidelines applicable for industrial users?,0.2855
2811,"How can empirical methods in Requirements Engineering be adapted to address complex, real-world problems?",How has the proportion of empirical studies evolved over time?,0.2855
2812,How can the scope of empirical studies in Requirements Engineering be systematically defined and reported?,Do the authors refer to a reference (website or systematic review) that systematizes and characterizes the theory incorporated?,0.2854
2813,How can the external validity of empirical studies in Requirements Engineering be enhanced?,How has the reporting of the context evolved over time?,0.2854
2814,How can empirical research in Requirements Engineering address the needs of global software development teams?,How has the reporting of research questions and answers evolved over time?,0.2853
2815,How can the reproducibility of empirical studies in Requirements Engineering be ensured?,How has the use of triangulation for research design evolved over time?,0.2853
2816,How can empirical research support the development of more effective Requirements Elicitation techniques?,How has the use of statistical methods evolved over time?,0.2853
2817,How can the effectiveness of empirical methods in Requirements Engineering be assessed?,"""Do the authors synthesize and present the results as checklists or guidelines applicable for industrial users, such as policy-makers, practitioners, and the general public?""",0.2853
2818,How can empirical methods be used to evaluate the impact of new Requirements Engineering techniques?,How has the reporting of research questions and answers evolved over time?,0.2852
2819,How can the threats to internal and external validity be mitigated in empirical studies of Requirements Engineering?,"""Do the authors synthesize and present the results as checklists or guidelines applicable for industrial users, such as policy-makers, practitioners, and the general public?""",0.2852
2820,How can empirical studies in Requirements Engineering be made more rigorous and impactful?,"""How has building on previous research data and results, including from other disciplines, evolved over time?""",0.2852
2821,What are the methods for triangulating data in empirical Requirements Engineering studies?,How has the proportion of papers that do not have an empirical study evolved over time?,0.2852
2822,What are the primary research questions addressed by empirical methods in Requirements Engineering studies?,Do the authors exlain WHY their apporach is better than others in a selected context with specific characteristics?,0.2852
2823,"In what ways can empirical research methods be integrated into software engineering education, specifically for Requirements Engineering?",Have the authors done a systematic review of related work?,0.2851
2824,How can empirical studies in Requirements Engineering be made more rigorous and impactful?,How has the reporting of the objects of study / treatments evolved over time?,0.2850
2825,How can empirical studies in Requirements Engineering better address the needs of diverse stakeholders?, How do the authors justify the lack of a proper study?,0.2850
2826,How can the relevance and impact of empirical studies in Requirements Engineering be increased?,How has the use of theories for a diverse and reflective generalization of study results evolved over time?,0.2850
2827,What are the critical research gaps in the empirical study of Requirements Engineering?,How often are standards used to describe the theories incorporated?,0.2849
2828,What are the common themes in the empirical literature on Requirements Engineering?,"""Do the authors use standards to describe the theories incorporated (used, tested, modified, formulated)?""",0.2849
2829,"How can empirical methods in Requirements Engineering be adapted to address complex, real-world problems?",How often are standards used to describe the theories incorporated?,0.2848
2830,How can empirical studies in Requirements Engineering be made more rigorous and impactful?,How has the reporting of research questions and answers evolved over time?,0.2848
2831,How can empirical studies support the validation and refinement of Requirements Engineering theories?,"""How has the provision of data (the materials used, raw data collected, and study results identified) evolved over time?""",0.2848
2832,How can industry feedback be systematically incorporated into empirical Requirements Engineering research?,How has the proportion of empirical studies evolved over time?,0.2848
2833,How can empirical findings in Requirements Engineering be translated into best practices?,Do the authors exlain HOW their apporach is better than others in a selected context with specific characteristics?,0.2846
2834,What are the implications of empirical research for the future of Requirements Engineering as a discipline?,Do the authors report the selected context of their study with specific characteristics?,0.2846
2835,What are the methods for evaluating the reliability of empirical data in Requirements Engineering research?,How often are standards used to describe the theories incorporated?,0.2845
2836,How do empirical studies in Requirements Engineering integrate quantitative and qualitative approaches?,Have the authors done a systematic review of related work?,0.2845
2837,How can the reproducibility of empirical studies in Requirements Engineering be ensured?,"""For which purpose do authors incorporate theories into their studies (use, testing, modification, formulation)?""",0.2843
2838,How can the external validity of empirical studies in Requirements Engineering be enhanced?,How has the reporting of the objects of study / treatments evolved over time?,0.2842
2839,How can empirical research findings in Requirements Engineering be made more accessible to practitioners?,How has the use of statistical methods evolved over time?,0.2842
2840,What are the standards for documenting and sharing empirical research data in Requirements Engineering?,How has the reporting of the context evolved over time?,0.2841
2841,What are the common challenges encountered in conducting empirical case studies in Requirements Engineering?,Do the authors use (a common set of empirically derived) criteria to assess the quality of individual studies?,0.2841
2842,What are the major challenges in applying empirical methods to Requirements Engineering research?, How do the authors justify the lack of a proper study?,0.2841
2843,How can empirical studies in Requirements Engineering be made more rigorous and impactful?,Have the authors done a systematic review of related work?,0.2840
2844,What are the methods for assessing the impact of empirical studies in Requirements Engineering on industry practices?,Does the research design allow for efficient reuse of study (results) by other researchers?,0.2840
2845,What are the implications of empirical research for the future of Requirements Engineering as a discipline?,"""Do the authors synthesize and present the results as checklists or guidelines applicable for industrial users, such as policy-makers, practitioners, and the general public?""",0.2840
2846,How can empirical findings in Requirements Engineering be translated into best practices?,How has the proportion of pure demonstrations (proof of concept) and simple experience reports (lessons learned) evolved over time?,0.2839
2847,What role do replications play in ensuring the robustness of empirical studies in Requirements Engineering?,What types of threats to validity do the authors report?,0.2839
2848,How can empirical studies in Requirements Engineering better address the needs of diverse stakeholders?,"""Do the authors refer to and consistently use a basic terminology, descriptors, and keywords to identify and select primary studies for (systematic literature) reviews?""",0.2838
2849,What are the methods for assessing the impact of empirical studies in Requirements Engineering on industry practices?,How has the use of power analysis and effect size estimation evolved over time?,0.2838
2850,What are the future directions for empirical research in Requirements Engineering?,Do the authors use (a common set of empirically derived) criteria to assess the quality of individual studies?,0.2837
2851,How can the threats to internal and external validity be mitigated in empirical studies of Requirements Engineering?,"""How have the proportions of experiments, secondary research (reviews), surveys, case studies, and action research in the empirical methods used evolved over time?""",0.2835
2852,What are the key challenges in synthesizing qualitative and quantitative data in Requirements Engineering research?,How has the reporting of the subjects evolved over time?,0.2835
2853,How can empirical research in Requirements Engineering benefit from interdisciplinary approaches?,Do the authors use (a common set of empirically derived) criteria to characterize the quality of secondary research and thus the overall strength of a body of evidence?,0.2835
2854,What are the methods for conducting effective surveys in Requirements Engineering research?,How has the reporting of the objects of study / treatments evolved over time?,0.2835
2855,How can empirical evidence in Requirements Engineering inform decision-making processes in software engineering?,"""How up-to-date (and relevant) are reported (systematic) reviews, so-called secondary research?""",0.2835
2856,How can empirical methods guide the development of new SE technology in Requirements Engineering?,How has the use of statistical methods evolved over time?,0.2834
2857,What are the methods for ensuring the transparency and reproducibility of empirical research in Requirements Engineering?,How has the use of triangulation for research design evolved over time?,0.2833
2858,How can biases be minimized in empirical studies of Requirements Engineering?,What is the proportion of each of the three levels of sophistication for theories from SE and RE?,0.2832
2859,How can the scope of empirical studies in Requirements Engineering be systematically defined and reported?,"""How has building on previous research data and results, including from other disciplines, evolved over time?""",0.2831
2860,How can the relevance and impact of empirical studies in Requirements Engineering be increased?,Have the authors done a systematic review of related work?,0.2830
2861,How can biases be minimized in empirical studies of Requirements Engineering?,How often are which empirical methods used?,0.2830
2862,"In what ways can empirical research methods be integrated into software engineering education, specifically for Requirements Engineering?","""Do the authors refer to and consistently use a basic terminology, descriptors, and keywords to identify and select primary studies for (systematic literature) reviews?""",0.2829
2863,How do empirical studies in Requirements Engineering integrate quantitative and qualitative approaches?,Do authors report that assumptions and limitations of statistical methods are met before using them?,0.2829
2864,How can empirical research in Requirements Engineering be used to support continuous improvement in software processes?,Have the authors done a systematic review of related work?,0.2828
2865,What are the critical research gaps in the empirical study of Requirements Engineering?,Do the authors report the selected context of their study with specific characteristics?,0.2828
2866,What criteria are used to evaluate the quality of empirical studies in Requirements Engineering?,How has the use of triangulation for research design evolved over time?,0.2828
2867,What are the future directions for empirical research in Requirements Engineering?,Have the authors done a systematic review of related work?,0.2827
2868,What are the methods for evaluating the reliability of empirical data in Requirements Engineering research?,Do the authors report the selected context of their study with specific characteristics?,0.2826
2869,How can empirical research in Requirements Engineering address the challenge of generalizability?,"""Do the authors use standards to describe the theories incorporated (used, tested, modified, formulated)?""",0.2826
2870,How can empirical data from multiple studies be effectively integrated in Requirements Engineering research?,How has the reporting of the setting evolved over time?,0.2825
2871,What are the implications of empirical research for Requirements Engineering education and training?,"""How has building on previous research data and results, including from other disciplines, evolved over time?""",0.2825
2872,What are the key success factors for empirical studies in Requirements Engineering?,Have the authors done a systematic review of related work?,0.2824
2873,How can empirical findings in Requirements Engineering be validated through multiple studies and contexts?,How has the reporting of the setting evolved over time?,0.2823
2874,How can empirical studies support the validation and refinement of Requirements Engineering theories?,How has the reporting of threats to validity evolved over time?,0.2823
2875,What are the best practices for designing and conducting action research in Requirements Engineering?,How has the proportion of studies by authors working for large software development companies evolved over time?,0.2823
2876,What are the methods for assessing the impact of empirical studies in Requirements Engineering on industry practices?,How has the use of triangulation for research design evolved over time?,0.2822
2877,What are the common challenges encountered in conducting empirical case studies in Requirements Engineering?,"""How has the provision of data (the materials used, raw data collected, and study results identified) evolved over time?""",0.2822
2878,What are the methods for evaluating the reliability of empirical data in Requirements Engineering research?,How has the use of statistical methods evolved over time?,0.2822
2879,How can empirical evidence in Requirements Engineering inform decision-making processes in software engineering?,How has the reporting of threats to validity evolved over time?,0.2821
2880,What are the primary research questions addressed by empirical methods in Requirements Engineering studies?,What is the proportion of each of the three levels of sophistication for theories from SE and RE?,0.2819
2881,What are the considerations for designing controlled experiments in Requirements Engineering?,Which methods are used to synthesize evidence from data of different empirical methods?,0.2819
2882,How can empirical research in Requirements Engineering contribute to improving software development processes?,"""For which purpose do authors incorporate theories into their studies (use, testing, modification, formulation)?""",0.2818
2883,What methods are used to ensure the reliability and validity of empirical data in Requirements Engineering research?,How has the use of standards to describe the theories incorporated evolved over time?,0.2818
2884,How can empirical research in Requirements Engineering be used to inform policy-making in software engineering?,"""Do the authors refer to and consistently use a basic terminology, descriptors, and keywords to identify and select primary studies for (systematic literature) reviews?""",0.2818
2885,What are the considerations for designing controlled experiments in Requirements Engineering?,"""Do the authors use standards to describe the theories incorporated (used, tested, modified, formulated)?""",0.2818
2886,What are the key success factors for empirical studies in Requirements Engineering?,How has the proportion of pure demonstrations (proof of concept) and simple experience reports (lessons learned) evolved over time?,0.2817
2887,How can the findings from empirical Requirements Engineering studies be synthesized and communicated to practitioners?,Do the authors refer to a reference (website or systematic review) that systematizes and characterizes the theory incorporated?,0.2817
2888,How can industry feedback be systematically incorporated into empirical Requirements Engineering research?,How has the proportion of papers that do not have an empirical study evolved over time?,0.2817
2889,What are the trends in the methodological approaches used in empirical Requirements Engineering research?,How has the reporting of the context evolved over time?,0.2817
2890,How can empirical research in Requirements Engineering support the development of new tools and technologies?,Have the authors done a systematic review of related work?,0.2816
2891,How can the use of empirical methods in Requirements Engineering research be improved?,"""How up-to-date (and relevant) are reported (systematic) reviews, so-called secondary research?""",0.2816
2892,How can empirical data from multiple studies be effectively integrated in Requirements Engineering research?,"""Do electronic resources (digital libraries and databases) provide all the functionalies that support the identification, selection, and retrieval of bibliographic and full-text information about SE research?""",0.2815
2893,What are the criteria for assessing the credibility of empirical research findings in Requirements Engineering?,How has the reporting of the setting evolved over time?,0.2815
2894,How can empirical methods be used to evaluate the impact of new Requirements Engineering techniques?,How has the use of triangulation for research design evolved over time?,0.2814
2895,How can the relevance and impact of empirical studies in Requirements Engineering be increased?, How do the authors justify the lack of a proper study?,0.2814
2896,How can empirical methods be used to study the effectiveness of Requirements Management practices?,How has the use of statistical methods evolved over time?,0.2814
2897,How can the threats to internal and external validity be mitigated in empirical studies of Requirements Engineering?,How do the authors justify preventing bias in the study results?,0.2813
2898,Which empirical methods are most commonly deployed in industry-academia collaborations in Requirements Engineering?,How many studies incorporate theories?,0.2813
2899,How do empirical studies in Requirements Engineering integrate quantitative and qualitative approaches?,How has the use of statistical methods evolved over time?,0.2813
2900,How can industry feedback be systematically incorporated into empirical Requirements Engineering research?,How has the number of empirical methods used per publication evolved over time?,0.2812
2901,What are the implications of empirical research for Requirements Engineering education and training?,How has the reporting of research questions and answers evolved over time?,0.2812
2902,What are the methods for assessing the impact of empirical studies in Requirements Engineering on industry practices?, How do the authors justify the lack of a proper study?,0.2812
2903,How can empirical research in Requirements Engineering contribute to theory building?,"""On which levels of sophistication are the theories from SE and RE? (level 1, level 2, or level 3 defined in Sjøberg et al. [1])""",0.2811
2904,What are the common challenges encountered in conducting empirical case studies in Requirements Engineering?,How many publications are analyzed in (systematic literature) reviews?,0.2811
2905,What are the critical research gaps in the empirical study of Requirements Engineering?,Do the authors use (a common set of empirically derived) criteria to assess the quality of individual studies?,0.2811
2906,How can empirical findings in Requirements Engineering be translated into best practices?,How has the proportion of papers that do not have an empirical study evolved over time?,0.2810
2907,What are the best practices for reporting empirical research findings in Requirements Engineering?,Do the authors refer to a reference (website or systematic review) that systematizes and characterizes the theory incorporated?,0.2810
2908,What is the role of empirical methods in advancing the state-of-the-art in Requirements Engineering?,"""For which purpose do authors incorporate theories into their studies (use, testing, modification, formulation)?""",0.2809
2909,What are the best practices for conducting systematic reviews in empirical Requirements Engineering research?,Does the research design allow for efficient reuse of study (results) by other researchers?,0.2809
2910,What mechanisms exist to facilitate industry-academia collaboration in empirical Requirements Engineering research?,How has the use of (a common set of empirically derived) criteria to assess the quality of individual studies evolved over time?,0.2809
2911,What are the considerations for designing controlled experiments in Requirements Engineering?,How has the use of triangulation for research design evolved over time?,0.2809
2912,How can biases be minimized in empirical studies of Requirements Engineering?,How has the use of theories for a diverse and reflective generalization of study results evolved over time?,0.2808
2913,Which empirical methods are recommended for synthesizing evidence in Requirements Engineering?,How has the use of triangulation for research design evolved over time?,0.2808
2914,How can empirical research support the development of more effective Requirements Elicitation techniques?,How has the reporting of research questions and answers evolved over time?,0.2807
2915,How can industry feedback be systematically incorporated into empirical Requirements Engineering research?,Do the authors use (a common set of empirically derived) criteria to assess the quality of individual studies?,0.2806
2916,How can empirical evidence in Requirements Engineering inform decision-making processes in software engineering?,How has the reporting of research questions and answers evolved over time?,0.2806
2917,How can empirical methods guide the development of new SE technology in Requirements Engineering?,How has the use of triangulation for research design evolved over time?,0.2805
2918,How can empirical research contribute to the development of standardized practices in Requirements Engineering?,"""For which purpose do authors incorporate theories into their studies (use, testing, modification, formulation)?""",0.2803
2919,"In what ways can empirical research methods be integrated into software engineering education, specifically for Requirements Engineering?",Which digital libraries with publications from SE and RE and related disciplines do authors use for (systematic literature) reviews?,0.2803
2920,What are the common themes in the empirical literature on Requirements Engineering?,Do the authors use (a common set of empirically derived) criteria to assess the quality of individual studies?,0.2803
2921,How can empirical methods guide the development of new SE technology in Requirements Engineering?,"""Do the authors use standards to describe the theories incorporated (used, tested, modified, formulated)?""",0.2802
2922,How can empirical studies in Requirements Engineering better address the needs of diverse stakeholders?,How has the reporting of research questions and answers evolved over time?,0.2802
2923,How can empirical data from multiple studies be effectively integrated in Requirements Engineering research?,Which digital libraries with publications from SE and RE and related disciplines do authors use for (systematic literature) reviews?,0.2802
2924,What methods are used to ensure the reliability and validity of empirical data in Requirements Engineering research?,How has comparing new approaches with relevant alternative approaches used in the industry evolved over time?,0.2801
2925,How can empirical findings in Requirements Engineering be validated through multiple studies and contexts?,Do authors report that assumptions and limitations of statistical methods are met before using them?,0.2801
2926,How can empirical research in Requirements Engineering address the challenge of generalizability?,"""How has the provision of data (the materials used, raw data collected, and study results identified) evolved over time?""",0.2800
2927,What are the criteria for selecting appropriate empirical methods for specific research questions in Requirements Engineering?, How do the authors justify the lack of a proper study?,0.2800
2928,How can empirical research address the socio-technical aspects of Requirements Engineering?,"""Do the authors refer to and consistently use a basic terminology, descriptors, and keywords to identify and select primary studies for (systematic literature) reviews?""",0.2800
2929,How can empirical research address the socio-technical aspects of Requirements Engineering?,Do the authors refer to a reference (website or systematic review) that systematizes and characterizes the theory incorporated?,0.2799
2930,How can empirical studies in Requirements Engineering be made more rigorous and impactful?,How has the use of triangulation for research design evolved over time?,0.2799
2931,What are the criteria for assessing the credibility of empirical research findings in Requirements Engineering?,How many studies incorporate theories?,0.2797
2932,How can industry feedback be systematically incorporated into empirical Requirements Engineering research?,Which methods are used to synthesize evidence from data of different empirical methods?,0.2797
2933,What are the guidelines for conducting high-quality empirical studies in Requirements Engineering?,"""How has the provision of data (the materials used, raw data collected, and study results identified) evolved over time?""",0.2796
2934,What are the methods for conducting effective surveys in Requirements Engineering research?,"""Do the authors refer to and consistently use a basic terminology, descriptors, and keywords to identify and select primary studies for (systematic literature) reviews?""",0.2796
2935,What are the methods for ensuring the transparency and reproducibility of empirical research in Requirements Engineering?,How has the reporting of the subjects evolved over time?,0.2795
2936,What is the role of empirical methods in advancing the state-of-the-art in Requirements Engineering?,How has the use of standards to describe the theories incorporated evolved over time?,0.2794
2937,How can the scope of empirical studies in Requirements Engineering be systematically defined and reported?,How many studies incorporate theories?,0.2794
2938,What are the common challenges encountered in conducting empirical case studies in Requirements Engineering?,How has the use of triangulation for research design evolved over time?,0.2794
2939,What are the methods for ensuring the transparency and reproducibility of empirical research in Requirements Engineering?,How has comparing new approaches with relevant alternative approaches used in the industry evolved over time?,0.2793
2940,What are the critical success factors for industry-academia research collaborations in Requirements Engineering?,How has the use of (a common set of empirically derived) criteria to characterize the quality of secondary research and thus the overall strength of a body of evidence evolved over time?,0.2793
2941,How can empirical studies in Requirements Engineering be made more rigorous and impactful?,"""How up-to-date (and relevant) are reported (systematic) reviews, so-called secondary research?""",0.2793
2942,How can empirical research in Requirements Engineering contribute to improving software development processes?,How has the proportion of pure demonstrations (proof of concept) and simple experience reports (lessons learned) evolved over time?,0.2792
2943,What are the best practices for conducting systematic reviews in empirical Requirements Engineering research?,How do the authors justify preventing bias in the study results?,0.2792
2944,How can empirical research address the socio-technical aspects of Requirements Engineering?, How do the authors justify the lack of a proper study?,0.2791
2945,How can the reproducibility of empirical studies in Requirements Engineering be ensured?,Do the authors refer to a reference (website or systematic review) that systematizes and characterizes the theory incorporated?,0.2791
2946,What are the major challenges in applying empirical methods to Requirements Engineering research?,How often are standards used to describe the theories incorporated?,0.2790
2947,How can the reproducibility of empirical studies in Requirements Engineering be ensured?,How often are which statistical methods used?,0.2790
2948,What are the methods for assessing the impact of empirical studies in Requirements Engineering on industry practices?,How do the authors justify preventing bias in the study results?,0.2789
2949,What are the best practices for reporting empirical research findings in Requirements Engineering?,How has the use of theories for a diverse and reflective generalization of study results evolved over time?,0.2789
2950,How can empirical methods be used to study the effectiveness of Requirements Management practices?, How do the authors justify the lack of a proper study?,0.2789
2951,How can empirical research in Requirements Engineering be used to inform policy-making in software engineering?,Have the authors done a systematic review of related work?,0.2787
2952,How can empirical research in Requirements Engineering address the needs of global software development teams?,How has the use of triangulation for research design evolved over time?,0.2787
2953,How can empirical research in Requirements Engineering address the challenge of generalizability?,"""How has building on previous research data and results, including from other disciplines, evolved over time?""",0.2785
2954,How can empirical research in Requirements Engineering contribute to theory building?,How has the reporting of the objects of study / treatments evolved over time?,0.2785
2955,What are the best practices for designing and conducting action research in Requirements Engineering?,"""Do the authors synthesize and present the results as checklists or guidelines applicable for industrial users, such as policy-makers, practitioners, and the general public?""",0.2785
2956,What are the key challenges in synthesizing qualitative and quantitative data in Requirements Engineering research?,How has the use of statistical methods evolved over time?,0.2785
2957,What are the key success factors for empirical studies in Requirements Engineering?,"""How has building on previous research data and results, including from other disciplines, evolved over time?""",0.2785
2958,How can the reproducibility of empirical studies in Requirements Engineering be ensured?,How has the use of power analysis and effect size estimation evolved over time?,0.2785
2959,How can empirical research in Requirements Engineering support the development of new tools and technologies?,"""Do the authors use standards to describe the theories incorporated (used, tested, modified, formulated)?""",0.2785
2960,How can empirical research in Requirements Engineering address the challenge of generalizability?,Do the authors use (a common set of empirically derived) criteria to characterize the quality of secondary research and thus the overall strength of a body of evidence?,0.2785
2961,How can empirical methods be used to study the effectiveness of Requirements Management practices?,How has the use of standards to describe the theories incorporated evolved over time?,0.2784
2962,How can empirical methods guide the development of new SE technology in Requirements Engineering?,Do the authors use (a common set of empirically derived) criteria to characterize the quality of secondary research and thus the overall strength of a body of evidence?,0.2784
2963,What are the guidelines for conducting high-quality empirical studies in Requirements Engineering?,How has the reporting of the tasks evolved over time?,0.2784
2964,How can empirical studies in Requirements Engineering better address the needs of diverse stakeholders?,Do the authors exlain WHY their apporach is better than others in a selected context with specific characteristics?,0.2784
2965,How can empirical research in Requirements Engineering address the needs of global software development teams?,"""How has the provision of data (the materials used, raw data collected, and study results identified) evolved over time?""",0.2784
2966,What are the key success factors for empirical studies in Requirements Engineering?,How has the use of standards to describe the theories incorporated evolved over time?,0.2783
2967,How can empirical research contribute to the development of standardized practices in Requirements Engineering?,"""How has building on previous research data and results, including from other disciplines, evolved over time?""",0.2782
2968,What are the methods for assessing the impact of empirical studies in Requirements Engineering on industry practices?,How has the reporting of threats to validity evolved over time?,0.2782
2969,How can biases be minimized in empirical studies of Requirements Engineering?,How has the proportion of each of the three levels of sophistication for theories from SE and RE evolved over time?,0.2782
2970,What are the common themes in the empirical literature on Requirements Engineering?,Do the authors exlain WHY their apporach is better than others in a selected context with specific characteristics?,0.2782
2971,How can the relevance and impact of empirical studies in Requirements Engineering be increased?,How many studies incorporate theories?,0.2781
2972,How can empirical research address the socio-technical aspects of Requirements Engineering?,Does the research design allow for efficient reuse of study (results) by other researchers?,0.2781
2973,How can the constructs and variables used in empirical Requirements Engineering research be defined and operationalized?,How has the proportion of papers that do not have an empirical study evolved over time?,0.2781
2974,What are the common challenges encountered in conducting empirical case studies in Requirements Engineering?,Do the authors synthesize and present the results as checklists or guidelines applicable for industrial users?,0.2780
2975,How can empirical research in Requirements Engineering address the challenge of generalizability?,How has comparing new approaches with relevant alternative approaches used in the industry evolved over time?,0.2780
2976,What are the implications of empirical research for the future of Requirements Engineering as a discipline?,How has the use of triangulation for research design evolved over time?,0.2779
2977,What are the key challenges in synthesizing qualitative and quantitative data in Requirements Engineering research?,How has the reporting of threats to validity evolved over time?,0.2779
2978,What criteria are used to evaluate the quality of empirical studies in Requirements Engineering?,Do the authors exlain WHY their apporach is better than others in a selected context with specific characteristics?,0.2779
2979,How can empirical findings in Requirements Engineering be validated through multiple studies and contexts?,How do the authors justify preventing bias in the study results?,0.2779
2980,What are the best practices for reporting empirical research findings in Requirements Engineering?,How has the use of standards to describe the theories incorporated evolved over time?,0.2778
2981,What mechanisms exist to facilitate industry-academia collaboration in empirical Requirements Engineering research?,How many different empirical methods are used per publication?,0.2778
2982,What are the key challenges in synthesizing qualitative and quantitative data in Requirements Engineering research?,How has the use of triangulation for research design evolved over time?,0.2778
2983,What are the future directions for empirical research in Requirements Engineering?,How has the use of triangulation for research design evolved over time?,0.2778
2984,How can empirical research in Requirements Engineering be used to inform policy-making in software engineering?,How has the reporting of the objects of study / treatments evolved over time?,0.2777
2985,How has the use of empirical methods in Requirements Engineering evolved over time?,Do the authors report the selected context of their study with specific characteristics?,0.2777
2986,How can empirical studies support the validation and refinement of Requirements Engineering theories?,How has the proportion of pure demonstrations (proof of concept) and simple experience reports (lessons learned) evolved over time?,0.2776
2987,What are the methods for triangulating data in empirical Requirements Engineering studies?,How has the reporting of the objects of study / treatments evolved over time?,0.2776
2988,What are the best practices for reporting empirical research findings in Requirements Engineering?,How has the the reporting of the population evolved over time?,0.2775
2989,How can empirical studies in Requirements Engineering be made more rigorous and impactful?,How has the reporting of the setting evolved over time?,0.2775
2990,What are the methods for evaluating the reliability of empirical data in Requirements Engineering research?,How has the reporting of the context evolved over time?,0.2774
2991,How can the effectiveness of empirical methods in Requirements Engineering be assessed?,How has the use of statistical methods evolved over time?,0.2774
2992,"In what ways can empirical research methods be integrated into software engineering education, specifically for Requirements Engineering?",Do the authors refer to a reference (website or systematic review) that systematizes and characterizes the theory incorporated?,0.2773
2993,How can empirical research contribute to the development of standardized practices in Requirements Engineering?,How has the use of triangulation for research design evolved over time?,0.2773
2994,How can the threats to internal and external validity be mitigated in empirical studies of Requirements Engineering?,How has the proportion of studies by authors working for large software development companies evolved over time?,0.2772
2995,What are the key challenges in synthesizing qualitative and quantitative data in Requirements Engineering research?,How often are standards used to describe the theories incorporated?,0.2772
2996,What are the criteria for assessing the credibility of empirical research findings in Requirements Engineering?,How has the use of theories for a diverse and reflective generalization of study results evolved over time?,0.2771
2997,How can empirical findings in Requirements Engineering be translated into best practices?,How has the reporting of research questions and answers evolved over time?,0.2771
2998,What are the best practices for reporting empirical research findings in Requirements Engineering?,How often are which statistical methods used?,0.2769
2999,What are the criteria for assessing the credibility of empirical research findings in Requirements Engineering?,How has the use of triangulation for research design evolved over time?,0.2769
3000,How can the use of empirical methods in Requirements Engineering research be improved?,"""How has building on previous research data and results, including from other disciplines, evolved over time?""",0.2767
3001,How can the constructs and variables used in empirical Requirements Engineering research be defined and operationalized?,Do the authors use (a common set of empirically derived) criteria to characterize the quality of secondary research and thus the overall strength of a body of evidence?,0.2767
3002,What are the critical success factors for industry-academia research collaborations in Requirements Engineering?,"""What is the proportion of theories from other disciplines, from other disciplines with adaptions for the SE and RE, and from SE and RE itself?""",0.2766
3003,How do empirical studies in Requirements Engineering integrate quantitative and qualitative approaches?,Do the authors refer to a reference (website or systematic review) that systematizes and characterizes the theory incorporated?,0.2766
3004,What are the key challenges in synthesizing qualitative and quantitative data in Requirements Engineering research?,"""Do the authors use standards to describe the theories incorporated (used, tested, modified, formulated)?""",0.2765
3005,What are the core empirical methods used in Requirements Engineering research?,"""How up-to-date (and relevant) are reported (systematic) reviews, so-called secondary research?""",0.2765
3006,What are the methods for synthesizing empirical evidence from diverse study designs in Requirements Engineering?,Do the authors exlain HOW their apporach is better than others in a selected context with specific characteristics?,0.2763
3007,What are the critical research gaps in the empirical study of Requirements Engineering?,"""How up-to-date (and relevant) are reported (systematic) reviews, so-called secondary research?""",0.2763
3008,What are the core empirical methods used in Requirements Engineering research?,How has the reporting of the context evolved over time?,0.2763
3009,How can empirical research in Requirements Engineering benefit from interdisciplinary approaches?,"""Do the authors refer to and consistently use a basic terminology, descriptors, and keywords to identify and select primary studies for (systematic literature) reviews?""",0.2762
3010,What are the methods for assessing the impact of empirical studies in Requirements Engineering on industry practices?,Do the authors refer to a reference (website or systematic review) that systematizes and characterizes the theory incorporated?,0.2762
3011,How can empirical findings in Requirements Engineering be validated through multiple studies and contexts?,Do the authors refer to a reference (website or systematic review) that systematizes and characterizes the theory incorporated?,0.2762
3012,How can empirical methods be used to study the effectiveness of Requirements Management practices?,"""Do the authors synthesize and present the results as checklists or guidelines applicable for industrial users, such as policy-makers, practitioners, and the general public?""",0.2762
3013,What are the methods for assessing the impact of empirical studies in Requirements Engineering on industry practices?,How has the proportion of pure demonstrations (proof of concept) and simple experience reports (lessons learned) evolved over time?,0.2762
3014,How can the effectiveness of empirical methods in Requirements Engineering be assessed?,How has the use of standards to describe the theories incorporated evolved over time?,0.2762
3015,What are the guidelines for conducting high-quality empirical studies in Requirements Engineering?,Do the authors refer to a reference (website or systematic review) that systematizes and characterizes the theory incorporated?,0.2762
3016,What role do replications play in ensuring the robustness of empirical studies in Requirements Engineering?,Do the authors refer to a reference (website or systematic review) that systematizes and characterizes the theory incorporated?,0.2762
3017,What are the standards for documenting and sharing empirical research data in Requirements Engineering?,How has the reporting of threats to validity evolved over time?,0.2761
3018,What are the ethical considerations in conducting empirical research in Requirements Engineering?,"""How up-to-date (and relevant) are reported (systematic) reviews, so-called secondary research?""",0.2761
3019,What criteria are used to evaluate the quality of empirical studies in Requirements Engineering?,How do the authors justify preventing bias in the study results?,0.2760
3020,How can empirical research in Requirements Engineering support the development of industry-relevant guidelines and checklists?,Which digital libraries with publications from SE and RE and related disciplines do authors use for (systematic literature) reviews?,0.2760
3021,Which empirical methods are recommended for synthesizing evidence in Requirements Engineering?,How has the reporting of threats to validity evolved over time?,0.2760
3022,How can empirical research in Requirements Engineering support the development of new tools and technologies?,Do the authors use multiple digital libraries including publications from SE and RE and related disciplines for (systematic literature) reviews?,0.2760
3023,What are the implications of heterogeneous interventions in empirical studies of Requirements Engineering?,"""For which purpose do authors incorporate theories into their studies (use, testing, modification, formulation)?""",0.2760
3024,Which empirical methods are recommended for synthesizing evidence in Requirements Engineering?,How has the proportion of each of the three levels of sophistication for theories from SE and RE evolved over time?,0.2760
3025,What are the best practices for reporting empirical research findings in Requirements Engineering?,How has the proportion of pure demonstrations (proof of concept) and simple experience reports (lessons learned) evolved over time?,0.2759
3026,How can empirical data from multiple studies be effectively integrated in Requirements Engineering research?,"""Do the authors synthesize and present the results as checklists or guidelines applicable for industrial users, such as policy-makers, practitioners, and the general public?""",0.2758
3027,How can the use of empirical methods in Requirements Engineering research be improved?,How has the use of theories for a diverse and reflective generalization of study results evolved over time?,0.2758
3028,What methods are used to ensure the reliability and validity of empirical data in Requirements Engineering research?, How do the authors justify the lack of a proper study?,0.2758
3029,How can empirical studies support the validation and refinement of Requirements Engineering theories?,How has the use of triangulation for research design evolved over time?,0.2758
3030,How can empirical methods be used to evaluate the impact of new Requirements Engineering techniques?,"""How up-to-date (and relevant) are reported (systematic) reviews, so-called secondary research?""",0.2757
3031,How can empirical studies in Requirements Engineering better address the needs of diverse stakeholders?,How has the reporting of the setting evolved over time?,0.2757
3032,How can the use of empirical methods in Requirements Engineering research be improved?,Do the authors exlain WHY their apporach is better than others in a selected context with specific characteristics?,0.2757
3033,How do empirical studies in Requirements Engineering integrate quantitative and qualitative approaches?,How has the reporting of the objects of study / treatments evolved over time?,0.2757
3034,How has the use of empirical methods in Requirements Engineering evolved over time?,How has the use of power analysis and effect size estimation evolved over time?,0.2757
3035,What are the key success factors for empirical studies in Requirements Engineering?,"""Do the authors refer to and consistently use a basic terminology, descriptors, and keywords to identify and select primary studies for (systematic literature) reviews?""",0.2756
3036,What are the methods for ensuring the transparency and reproducibility of empirical research in Requirements Engineering?,How has the reporting of the context evolved over time?,0.2756
3037,What are the common themes in the empirical literature on Requirements Engineering?,How has the use of (a common set of empirically derived) criteria to characterize the quality of secondary research and thus the overall strength of a body of evidence evolved over time?,0.2755
3038,What are the considerations for designing controlled experiments in Requirements Engineering?,Do the authors use a well defined taxonomy for their research design?,0.2755
3039,How do empirical studies in Requirements Engineering integrate quantitative and qualitative approaches?,"""Do the authors refer to and consistently use a basic terminology, descriptors, and keywords to identify and select primary studies for (systematic literature) reviews?""",0.2755
3040,How can the external validity of empirical studies in Requirements Engineering be enhanced?,Do the authors exlain HOW their apporach is better than others in a selected context with specific characteristics?,0.2754
3041,How can empirical research in Requirements Engineering be used to inform policy-making in software engineering?,How do the authors justify preventing bias in the study results?,0.2754
3042,Which empirical methods are recommended for synthesizing evidence in Requirements Engineering?,How has the number of theories from SE and RE evolved over time?,0.2754
3043,What are the methods for conducting effective surveys in Requirements Engineering research?,"""For which purpose do authors incorporate theories into their studies (use, testing, modification, formulation)?""",0.2754
3044,How can the external validity of empirical studies in Requirements Engineering be enhanced?,How has the use of triangulation for research design evolved over time?,0.2752
3045,How can empirical research in Requirements Engineering contribute to theory building?,How has the proportion of pure demonstrations (proof of concept) and simple experience reports (lessons learned) evolved over time?,0.2752
3046,Which empirical methods are most commonly deployed in industry-academia collaborations in Requirements Engineering?,Does the research design allow for efficient reuse of study (results) by other researchers?,0.2751
3047,How can empirical research in Requirements Engineering contribute to improving software development processes?,"""Do the authors synthesize and present the results as checklists or guidelines applicable for industrial users, such as policy-makers, practitioners, and the general public?""",0.2750
3048,How can empirical methods be used to evaluate the impact of new Requirements Engineering techniques?,How often are standards used to describe the theories incorporated?,0.2750
3049,What are the criteria for selecting appropriate empirical methods for specific research questions in Requirements Engineering?,How has the use of standards to describe the theories incorporated evolved over time?,0.2750
3050,How can empirical research contribute to the development of standardized practices in Requirements Engineering?, How do the authors justify the lack of a proper study?,0.2748
3051,How can empirical research in Requirements Engineering be used to support continuous improvement in software processes?,Do the authors use (a common set of empirically derived) criteria to assess the quality of individual studies?,0.2747
3052,What are the best practices for designing and conducting action research in Requirements Engineering?,Which methods are used to synthesize evidence from data of different empirical methods?,0.2747
3053,What are the ethical considerations in conducting empirical research in Requirements Engineering?,"""Do the authors use standards to describe the theories incorporated (used, tested, modified, formulated)?""",0.2746
3054,Which empirical methods are recommended for synthesizing evidence in Requirements Engineering?,How has the reporting of the subjects evolved over time?,0.2745
3055,What are the critical research gaps in the empirical study of Requirements Engineering?,"""How has building on previous research data and results, including from other disciplines, evolved over time?""",0.2745
3056,How do empirical studies in Requirements Engineering integrate quantitative and qualitative approaches?,"""How up-to-date (and relevant) are reported (systematic) reviews, so-called secondary research?""",0.2742
3057,"In what ways can empirical research methods be integrated into software engineering education, specifically for Requirements Engineering?",How has the use of triangulation for research design evolved over time?,0.2741
3058,How can the findings from empirical Requirements Engineering studies be synthesized and communicated to practitioners?,How has the reporting of the subjects evolved over time?,0.2741
3059,What are the methods for ensuring the transparency and reproducibility of empirical research in Requirements Engineering?,Do the authors refer to a reference (website or systematic review) that systematizes and characterizes the theory incorporated?,0.2741
3060,How can empirical studies in Requirements Engineering be made more rigorous and impactful?,"""For which purpose do authors incorporate theories into their studies (use, testing, modification, formulation)?""",0.2741
3061,What are the best practices for conducting systematic reviews in empirical Requirements Engineering research?,Do authors report that assumptions and limitations of statistical methods are met before using them?,0.2741
3062,How can empirical studies in Requirements Engineering be made more rigorous and impactful?,Do the authors exlain HOW their apporach is better than others in a selected context with specific characteristics?,0.2740
3063,What are the common themes in the empirical literature on Requirements Engineering?,How many publications are analyzed in (systematic literature) reviews?,0.2740
3064,How can empirical studies support the validation and refinement of Requirements Engineering theories?,How has the reporting of the tasks evolved over time?,0.2740
3065,What are the implications of empirical research for the future of Requirements Engineering as a discipline?,Which methods are used to synthesize evidence from data of different empirical methods?,0.2740
3066,What are the criteria for selecting appropriate empirical methods for specific research questions in Requirements Engineering?,Do the authors refer to a reference (website or systematic review) that systematizes and characterizes the theory incorporated?,0.2739
3067,How can empirical research findings in Requirements Engineering be made more accessible to practitioners?,Do the authors exlain HOW their apporach is better than others in a selected context with specific characteristics?,0.2738
3068,What are the future directions for empirical research in Requirements Engineering?,"""For which purpose do authors incorporate theories into their studies (use, testing, modification, formulation)?""",0.2738
3069,What are the implications of empirical research for Requirements Engineering education and training?,How do the authors justify preventing bias in the study results?,0.2738
3070,What are the trends in the methodological approaches used in empirical Requirements Engineering research?,Do the authors use multiple digital libraries including publications from SE and RE and related disciplines for (systematic literature) reviews?,0.2738
3071,How can empirical research in Requirements Engineering benefit from interdisciplinary approaches?,Do the authors exlain WHY their apporach is better than others in a selected context with specific characteristics?,0.2737
3072,What are the methods for triangulating data in empirical Requirements Engineering studies?,How often are standards used to describe the theories incorporated?,0.2736
3073,What are the methods for conducting effective surveys in Requirements Engineering research?,How often are standards used to describe the theories incorporated?,0.2735
3074,How can empirical research in Requirements Engineering benefit from interdisciplinary approaches?,"""How up-to-date (and relevant) are reported (systematic) reviews, so-called secondary research?""",0.2735
3075,How can empirical research in Requirements Engineering contribute to improving software development processes?,Do the authors synthesize and present the results as checklists or guidelines applicable for industrial users?,0.2734
3076,What are the best practices for conducting systematic reviews in empirical Requirements Engineering research?,How often are which statistical methods used?,0.2734
3077,What are the implications of heterogeneous interventions in empirical studies of Requirements Engineering?,How has the use of (a common set of empirically derived) criteria to characterize the quality of secondary research and thus the overall strength of a body of evidence evolved over time?,0.2734
3078,How can the constructs and variables used in empirical Requirements Engineering research be defined and operationalized?,Do the authors synthesize and present the results as checklists or guidelines applicable for industrial users?,0.2734
3079,How can empirical research in Requirements Engineering address the needs of global software development teams?,Do the authors report the selected context of their study with specific characteristics?,0.2734
3080,How can empirical research in Requirements Engineering benefit from interdisciplinary approaches?, How do the authors justify the lack of a proper study?,0.2734
3081,What are the criteria for selecting appropriate empirical methods for specific research questions in Requirements Engineering?,Which digital libraries with publications from SE and RE and related disciplines do authors use for (systematic literature) reviews?,0.2733
3082,What are the best practices for designing and conducting action research in Requirements Engineering?,How has the reporting of research questions and answers evolved over time?,0.2733
3083,How can industry feedback be systematically incorporated into empirical Requirements Engineering research?,How has the use of standards to describe the theories incorporated evolved over time?,0.2732
3084,How can empirical methods be used to evaluate software requirements specifications?,"""Do the authors synthesize and present the results as checklists or guidelines applicable for industrial users, such as policy-makers, practitioners, and the general public?""",0.2731
3085,How can empirical research in Requirements Engineering contribute to improving software development processes?,"""How up-to-date (and relevant) are reported (systematic) reviews, so-called secondary research?""",0.2731
3086,What are the primary research questions addressed by empirical methods in Requirements Engineering studies?,"""On which levels of sophistication are the theories from SE and RE? (level 1, level 2, or level 3 defined in Sjøberg et al. [1])""",0.2731
3087,How can empirical studies in Requirements Engineering be made more rigorous and impactful?,Do authors report that assumptions and limitations of statistical methods are met before using them?,0.2731
3088,How can empirical research in Requirements Engineering support the development of new tools and technologies?,"""Do the authors refer to and consistently use a basic terminology, descriptors, and keywords to identify and select primary studies for (systematic literature) reviews?""",0.2730
3089,What are the major challenges in applying empirical methods to Requirements Engineering research?,How has the use of theories for a diverse and reflective generalization of study results evolved over time?,0.2730
3090,What are the trends in the methodological approaches used in empirical Requirements Engineering research?,How has the proportion of each of the three levels of sophistication for theories from SE and RE evolved over time?,0.2730
3091,How can the relevance and impact of empirical studies in Requirements Engineering be increased?,"""Do the authors refer to and consistently use a basic terminology, descriptors, and keywords to identify and select primary studies for (systematic literature) reviews?""",0.2729
3092,Which empirical methods are most commonly deployed in industry-academia collaborations in Requirements Engineering?,How has the use of theories for a diverse and reflective generalization of study results evolved over time?,0.2729
3093,How can empirical methods be used to study the effectiveness of Requirements Management practices?,How has the reporting of research questions and answers evolved over time?,0.2729
3094,What are the best practices for designing and conducting action research in Requirements Engineering?,How has the reporting of the objects of study / treatments evolved over time?,0.2729
3095,How can empirical research in Requirements Engineering support the development of industry-relevant guidelines and checklists?,Do the authors use multiple digital libraries including publications from SE and RE and related disciplines for (systematic literature) reviews?,0.2729
3096,What are the key success factors for empirical studies in Requirements Engineering?,"""Do the authors use standards to describe the theories incorporated (used, tested, modified, formulated)?""",0.2727
3097,What are the best practices for reporting empirical research findings in Requirements Engineering?,"""For which purpose do authors incorporate theories into their studies (use, testing, modification, formulation)?""",0.2727
3098,How can empirical data from multiple studies be effectively integrated in Requirements Engineering research?,Do authors report that assumptions and limitations of statistical methods are met before using them?,0.2726
3099,How can empirical research in Requirements Engineering contribute to improving software development processes?,How has the use of theories for a diverse and reflective generalization of study results evolved over time?,0.2726
3100,What criteria are used to evaluate the quality of empirical studies in Requirements Engineering?,How has the reporting of research questions and answers evolved over time?,0.2726
3101,What are the critical success factors for industry-academia research collaborations in Requirements Engineering?,"""What empirical methods are used to conduct integrative and interpretive (systematic literature) reviews, so-called secondary research?""",0.2726
3102,How can empirical research findings in Requirements Engineering be made more accessible to practitioners?,Do authors report that assumptions and limitations of statistical methods are met before using them?,0.2725
3103,Which empirical methods are recommended for synthesizing evidence in Requirements Engineering?,What types of threats to validity do the authors report?,0.2725
3104,What are the best practices for reporting empirical research findings in Requirements Engineering?,Do the authors use multiple digital libraries including publications from SE and RE and related disciplines for (systematic literature) reviews?,0.2725
3105,What are the common challenges encountered in conducting empirical case studies in Requirements Engineering?,Do the authors use (a common set of empirically derived) criteria to characterize the quality of secondary research and thus the overall strength of a body of evidence?,0.2725
3106,What mechanisms exist to facilitate industry-academia collaboration in empirical Requirements Engineering research?,Which digital libraries with publications from SE and RE and related disciplines do authors use for (systematic literature) reviews?,0.2725
3107,What mechanisms exist to facilitate industry-academia collaboration in empirical Requirements Engineering research?,"""How has the provision of data (the materials used, raw data collected, and study results identified) evolved over time?""",0.2724
3108,What are the lessons learned from past empirical studies in Requirements Engineering?,How has the use of language (academic vs. plain) in scientific publications evolved over time?,0.2724
3109,How can empirical studies in Requirements Engineering better address the needs of diverse stakeholders?,How has the use of standards to describe the theories incorporated evolved over time?,0.2724
3110,How can empirical studies in Requirements Engineering better address the needs of diverse stakeholders?,How many different empirical methods are used per publication?,0.2724
3111,What are the methods for synthesizing empirical evidence from diverse study designs in Requirements Engineering?,"""How has the proportion of theories from other disciplines, from other disciplines with adaptions for the SE (RE), and from SE (RE) itself evolved over time?""",0.2723
3112,What is the role of empirical methods in advancing the state-of-the-art in Requirements Engineering?,How has the use of triangulation for research design evolved over time?,0.2723
3113,How can empirical research in Requirements Engineering benefit from interdisciplinary approaches?,Have the authors done a systematic review of related work?,0.2723
3114,How can empirical research support the development of more effective Requirements Elicitation techniques?,Do the authors exlain HOW their apporach is better than others in a selected context with specific characteristics?,0.2722
3115,How can empirical studies in Requirements Engineering better address the needs of diverse stakeholders?,How often are which empirical methods used?,0.2722
3116,What are the criteria for assessing the credibility of empirical research findings in Requirements Engineering?,What is the proportion of each of the three levels of sophistication for theories from SE and RE?,0.2721
3117,What are the guidelines for conducting high-quality empirical studies in Requirements Engineering?,"""For which purpose do authors incorporate theories into their studies (use, testing, modification, formulation)?""",0.2721
3118,What role do replications play in ensuring the robustness of empirical studies in Requirements Engineering?, How do the authors justify the lack of a proper study?,0.2721
3119,What are the lessons learned from past empirical studies in Requirements Engineering?,"""Do the authors refer to and consistently use a basic terminology, descriptors, and keywords to identify and select primary studies for (systematic literature) reviews?""",0.2721
3120,What are the critical research gaps in the empirical study of Requirements Engineering?,Have the authors done a systematic review of related work?,0.2721
3121,What are the implications of empirical research for Requirements Engineering education and training?,"""Do the authors synthesize and present the results as checklists or guidelines applicable for industrial users, such as policy-makers, practitioners, and the general public?""",0.2720
3122,How can empirical findings in Requirements Engineering be translated into best practices?,"""How has building on previous research data and results, including from other disciplines, evolved over time?""",0.2720
3123,What are the methods for triangulating data in empirical Requirements Engineering studies?,How has the use of statistical methods evolved over time?,0.2720
3124,How can empirical studies in Requirements Engineering better address the needs of diverse stakeholders?,How has the use of triangulation for research design evolved over time?,0.2720
3125,What are the key variables studied in empirical Requirements Engineering research?,How often are standards used to describe the theories incorporated?,0.2719
3126,Which empirical methods are most commonly deployed in industry-academia collaborations in Requirements Engineering?,"""What is the proportion of theories from other disciplines, from other disciplines with adaptions for the SE and RE, and from SE and RE itself?""",0.2718
3127,How can the threats to internal and external validity be mitigated in empirical studies of Requirements Engineering?,How has comparing new approaches with relevant alternative approaches used in the industry evolved over time?,0.2718
3128,How can empirical research findings in Requirements Engineering be made more accessible to practitioners?,How has the reporting of threats to validity evolved over time?,0.2717
3129,How can empirical research in Requirements Engineering contribute to theory building?,Have the authors done a systematic review of related work?,0.2716
3130,How do empirical studies in Requirements Engineering integrate quantitative and qualitative approaches?,How has the reporting of research questions and answers evolved over time?,0.2716
3131,What are the considerations for designing controlled experiments in Requirements Engineering?,How many empirical studies are by authors working for large software development companies?,0.2715
3132,What are the considerations for designing controlled experiments in Requirements Engineering?,Do the authors use conceptual and operational definitions for key constructs and variables in empirical research in SE and RE?,0.2714
3133,What is the role of empirical methods in advancing the state-of-the-art in Requirements Engineering?,Do the authors refer to a reference (website or systematic review) that systematizes and characterizes the theory incorporated?,0.2714
3134,What criteria are used to evaluate the quality of empirical studies in Requirements Engineering?,How has comparing new approaches with relevant alternative approaches used in the industry evolved over time?,0.2713
3135,What are the common challenges encountered in conducting empirical case studies in Requirements Engineering?,"""Do the authors synthesize and present the results as checklists or guidelines applicable for industrial users, such as policy-makers, practitioners, and the general public?""",0.2713
3136,What are the implications of heterogeneous interventions in empirical studies of Requirements Engineering?,"""How has the provision of data (the materials used, raw data collected, and study results identified) evolved over time?""",0.2713
3137,How can empirical research in Requirements Engineering be used to support continuous improvement in software processes?,Do the authors use (a common set of empirically derived) criteria to characterize the quality of secondary research and thus the overall strength of a body of evidence?,0.2713
3138,What are the lessons learned from past empirical studies in Requirements Engineering?,"""For which purpose do authors incorporate theories into their studies (use, testing, modification, formulation)?""",0.2713
3139,What are the methods for assessing the impact of empirical studies in Requirements Engineering on industry practices?,How has the use of theories for a diverse and reflective generalization of study results evolved over time?,0.2713
3140,What are the standards for documenting and sharing empirical research data in Requirements Engineering?,What types of threats to validity do the authors report?,0.2712
3141,How can empirical research in Requirements Engineering contribute to theory building?,"""How up-to-date (and relevant) are reported (systematic) reviews, so-called secondary research?""",0.2711
3142,"How can empirical methods in Requirements Engineering be adapted to address complex, real-world problems?",Do the authors use a well defined taxonomy for their research design?,0.2711
3143,How can empirical studies in Requirements Engineering be made more rigorous and impactful?,How has the reporting of threats to validity evolved over time?,0.2711
3144,How can empirical studies in Requirements Engineering better address the needs of diverse stakeholders?,"""Do the authors use standards to describe the theories incorporated (used, tested, modified, formulated)?""",0.2711
3145,How can empirical research in Requirements Engineering address the challenge of generalizability?,Do the authors exlain WHY their apporach is better than others in a selected context with specific characteristics?,0.2711
3146,What are the standards for documenting and sharing empirical research data in Requirements Engineering?,Do the authors use other channels to publish their results for making them available to industrial users?,0.2710
3147,How can empirical studies in Requirements Engineering better address the needs of diverse stakeholders?,How do the authors justify preventing bias in the study results?,0.2710
3148,What are the core empirical methods used in Requirements Engineering research?,How has the reporting of research questions and answers evolved over time?,0.2710
3149,What are the key success factors for empirical studies in Requirements Engineering?, How do the authors justify the lack of a proper study?,0.2710
3150,What are the common themes in the empirical literature on Requirements Engineering?,How has the reporting of the subjects evolved over time?,0.2710
3151,How can the effectiveness of empirical methods in Requirements Engineering be assessed?,"""Do the authors use standards to describe the theories incorporated (used, tested, modified, formulated)?""",0.2709
3152,What are the key variables studied in empirical Requirements Engineering research?,Do the authors exlain HOW their apporach is better than others in a selected context with specific characteristics?,0.2709
3153,How can empirical research in Requirements Engineering address the challenge of generalizability?,Do the authors synthesize and present the results as checklists or guidelines applicable for industrial users?,0.2708
3154,How can empirical studies in Requirements Engineering be made more rigorous and impactful?,How has the reporting of the context evolved over time?,0.2708
3155,What are the guidelines for conducting high-quality empirical studies in Requirements Engineering?,How has the reporting of research questions and answers evolved over time?,0.2708
3156,How can empirical research in Requirements Engineering support the development of new tools and technologies?,Which digital libraries with publications from SE and RE and related disciplines do authors use for (systematic literature) reviews?,0.2708
3157,How can empirical methods guide the development of new SE technology in Requirements Engineering?,Do the authors use (a common set of empirically derived) criteria to assess the quality of individual studies?,0.2707
3158,How can the reproducibility of empirical studies in Requirements Engineering be ensured?,How has the incorporation of theories in studies evolved over time?,0.2707
3159,How can the relevance and impact of empirical studies in Requirements Engineering be increased?,How has the reporting of threats to validity evolved over time?,0.2707
3160,How can empirical methods guide the development of new SE technology in Requirements Engineering?,How has the reporting of the setting evolved over time?,0.2707
3161,What are the methods for assessing the impact of empirical studies in Requirements Engineering on industry practices?,Do the authors use other channels to publish their results for making them available to industrial users?,0.2706
3162,How can empirical research contribute to the development of standardized practices in Requirements Engineering?,How has the reporting of the subjects evolved over time?,0.2706
3163,What are the methods for triangulating data in empirical Requirements Engineering studies?,"""Do the authors synthesize and present the results as checklists or guidelines applicable for industrial users, such as policy-makers, practitioners, and the general public?""",0.2704
3164,How can biases be minimized in empirical studies of Requirements Engineering?,How has the use of power analysis and effect size estimation evolved over time?,0.2704
3165,What mechanisms exist to facilitate industry-academia collaboration in empirical Requirements Engineering research?,Do the authors use (a common set of empirically derived) criteria to assess the quality of individual studies?,0.2704
3166,What are the methods for synthesizing empirical evidence from diverse study designs in Requirements Engineering?,Which digital libraries with publications from SE and RE and related disciplines do authors use for (systematic literature) reviews?,0.2704
3167,What role do replications play in ensuring the robustness of empirical studies in Requirements Engineering?,How many studies incorporate theories?,0.2702
3168,What are the key success factors for empirical studies in Requirements Engineering?,How has the use of statistical methods evolved over time?,0.2702
3169,What methods are used to ensure the reliability and validity of empirical data in Requirements Engineering research?,How has the reporting of the context evolved over time?,0.2702
3170,How can the external validity of empirical studies in Requirements Engineering be enhanced?,How has the incorporation of theories in studies evolved over time?,0.2702
3171,How can empirical research in Requirements Engineering be used to inform policy-making in software engineering?,How often are standards used to describe the theories incorporated?,0.2702
3172,"In what ways can empirical research methods be integrated into software engineering education, specifically for Requirements Engineering?",How has the proportion of pure demonstrations (proof of concept) and simple experience reports (lessons learned) evolved over time?,0.2702
3173,How can biases be minimized in empirical studies of Requirements Engineering?,Do the authors report the selected context of their study with specific characteristics?,0.2702
3174,What are the implications of heterogeneous interventions in empirical studies of Requirements Engineering?,"""How up-to-date (and relevant) are reported (systematic) reviews, so-called secondary research?""",0.2702
3175,How can empirical research in Requirements Engineering support the development of new tools and technologies?,How has the use of statistical methods evolved over time?,0.2701
3176,What are the future directions for empirical research in Requirements Engineering?,How has the proportion of pure demonstrations (proof of concept) and simple experience reports (lessons learned) evolved over time?,0.2700
3177,How can empirical research in Requirements Engineering benefit from interdisciplinary approaches?,Do the authors use multiple digital libraries including publications from SE and RE and related disciplines for (systematic literature) reviews?,0.2700
3178,How can the findings from empirical Requirements Engineering studies be synthesized and communicated to practitioners?, How do the authors justify the lack of a proper study?,0.2699
3179,What mechanisms exist to facilitate industry-academia collaboration in empirical Requirements Engineering research?,How many publications are analyzed in (systematic literature) reviews?,0.2699
3180,Which empirical methods are most commonly deployed in industry-academia collaborations in Requirements Engineering?,How has the incorporation of theories in studies evolved over time?,0.2698
3181,How can the scope of empirical studies in Requirements Engineering be systematically defined and reported?,How has the use of triangulation for research design evolved over time?,0.2698
3182,"In what ways can empirical research methods be integrated into software engineering education, specifically for Requirements Engineering?",How often are those who conduct the studies also the authors of the papers?,0.2697
3183,What is the role of empirical methods in advancing the state-of-the-art in Requirements Engineering?,"""Do the authors use standards to describe the theories incorporated (used, tested, modified, formulated)?""",0.2696
3184,What are the methods for synthesizing empirical evidence from diverse study designs in Requirements Engineering?,Do the authors use multiple digital libraries including publications from SE and RE and related disciplines for (systematic literature) reviews?,0.2696
3185,How can empirical research in Requirements Engineering benefit from interdisciplinary approaches?,How has the reporting of the objects of study / treatments evolved over time?,0.2696
3186,How do empirical studies in Requirements Engineering integrate quantitative and qualitative approaches?,How has the reporting of the setting evolved over time?,0.2695
3187,How can the effectiveness of empirical methods in Requirements Engineering be assessed?,"""How has the provision of data (the materials used, raw data collected, and study results identified) evolved over time?""",0.2695
3188,What are the major challenges in applying empirical methods to Requirements Engineering research?,What types of threats to validity do the authors report?,0.2694
3189,What are the critical success factors for industry-academia research collaborations in Requirements Engineering?,"""For which purpose do authors incorporate theories into their studies (use, testing, modification, formulation)?""",0.2692
3190,What are the common themes in the empirical literature on Requirements Engineering?,How has the use of triangulation for research design evolved over time?,0.2692
3191,What methods are used to ensure the reliability and validity of empirical data in Requirements Engineering research?,Do the authors use multiple digital libraries including publications from SE and RE and related disciplines for (systematic literature) reviews?,0.2692
3192,How can biases be minimized in empirical studies of Requirements Engineering?,Do authors report that assumptions and limitations of statistical methods are met before using them?,0.2692
3193,What are the major challenges in applying empirical methods to Requirements Engineering research?,Have the authors done a systematic review of related work?,0.2692
3194,How can empirical research in Requirements Engineering contribute to improving software development processes?, How do the authors justify the lack of a proper study?,0.2690
3195,How can empirical studies support the validation and refinement of Requirements Engineering theories?,Do authors report that assumptions and limitations of statistical methods are met before using them?,0.2690
3196,How can empirical methods be used to study the effectiveness of Requirements Management practices?,Have the authors done a systematic review of related work?,0.2688
3197,How can empirical methods be used to evaluate software requirements specifications?,How has the use of statistical methods evolved over time?,0.2688
3198,What are the methods for triangulating data in empirical Requirements Engineering studies?,How has the reporting of the context evolved over time?,0.2687
3199,What are the methods for assessing the impact of empirical studies in Requirements Engineering on industry practices?,What types of threats to validity do the authors report?,0.2687
3200,What are the methods for ensuring the transparency and reproducibility of empirical research in Requirements Engineering?,How has the use of theories for a diverse and reflective generalization of study results evolved over time?,0.2687
3201,How can empirical research support the development of more effective Requirements Elicitation techniques?,Do the authors report the selected context of their study with specific characteristics?,0.2687
3202,What are the implications of heterogeneous interventions in empirical studies of Requirements Engineering?,How has the reporting of the objects of study / treatments evolved over time?,0.2686
3203,How can empirical findings in Requirements Engineering be translated into best practices?, How do the authors justify the lack of a proper study?,0.2686
3204,What are the major challenges in applying empirical methods to Requirements Engineering research?,How has the use of standards to describe the theories incorporated evolved over time?,0.2685
3205,What mechanisms exist to facilitate industry-academia collaboration in empirical Requirements Engineering research?,How many studies incorporate theories?,0.2685
3206,How can the reproducibility of empirical studies in Requirements Engineering be ensured?,Do the authors use other channels to publish their results for making them available to industrial users?,0.2684
3207,How can the use of empirical methods in Requirements Engineering research be improved?,Does the research design allow for efficient reuse of study (results) by other researchers?,0.2684
3208,How can empirical research in Requirements Engineering support the development of industry-relevant guidelines and checklists?,How has the use of triangulation for research design evolved over time?,0.2683
3209,How can empirical methods be used to evaluate software requirements specifications?,Do the authors report the selected context of their study with specific characteristics?,0.2683
3210,How can empirical research in Requirements Engineering support the development of new tools and technologies?,How often are standards used to describe the theories incorporated?,0.2682
3211,What are the future directions for empirical research in Requirements Engineering?,Do the authors use (a common set of empirically derived) criteria to characterize the quality of secondary research and thus the overall strength of a body of evidence?,0.2682
3212,How can empirical research support the development of more effective Requirements Elicitation techniques?,How has the use of theories for a diverse and reflective generalization of study results evolved over time?,0.2682
3213,How can empirical research in Requirements Engineering be used to support continuous improvement in software processes?,How has the reporting of research questions and answers evolved over time?,0.2682
3214,What are the core empirical methods used in Requirements Engineering research?,Have the authors done a systematic review of related work?,0.2681
3215,What role do replications play in ensuring the robustness of empirical studies in Requirements Engineering?,Do the authors use other channels to publish their results for making them available to industrial users?,0.2681
3216,What are the common challenges encountered in conducting empirical case studies in Requirements Engineering?,How has the reporting of the objects of study / treatments evolved over time?,0.2681
3217,How can empirical data from multiple studies be effectively integrated in Requirements Engineering research?,How often are standards used to describe the theories incorporated?,0.2680
3218,How can empirical methods be used to evaluate the impact of new Requirements Engineering techniques?,How has the use of power analysis and effect size estimation evolved over time?,0.2680
3219,How can the threats to internal and external validity be mitigated in empirical studies of Requirements Engineering?,Do the authors use a well defined taxonomy for their research design?,0.2680
3220,What are the methods for ensuring the transparency and reproducibility of empirical research in Requirements Engineering?,Which digital libraries with publications from SE and RE and related disciplines do authors use for (systematic literature) reviews?,0.2680
3221,What are the ethical considerations in conducting empirical research in Requirements Engineering?,"""How has building on previous research data and results, including from other disciplines, evolved over time?""",0.2680
3222,How can empirical research in Requirements Engineering benefit from interdisciplinary approaches?,Do the authors exlain HOW their apporach is better than others in a selected context with specific characteristics?,0.2679
3223,How can empirical research in Requirements Engineering address the challenge of generalizability?,Do the authors use (a common set of empirically derived) criteria to assess the quality of individual studies?,0.2677
3224,How can empirical findings in Requirements Engineering be translated into best practices?,Do authors report that assumptions and limitations of statistical methods are met before using them?,0.2677
3225,What are the best practices for designing and conducting action research in Requirements Engineering?,How many publications are analyzed in (systematic literature) reviews?,0.2676
3226,How can the external validity of empirical studies in Requirements Engineering be enhanced?,Do the authors refer to a reference (website or systematic review) that systematizes and characterizes the theory incorporated?,0.2676
3227,How can the external validity of empirical studies in Requirements Engineering be enhanced?,How has the proportion of pure demonstrations (proof of concept) and simple experience reports (lessons learned) evolved over time?,0.2675
3228,What are the trends in the methodological approaches used in empirical Requirements Engineering research?,How has the proportion of pure demonstrations (proof of concept) and simple experience reports (lessons learned) evolved over time?,0.2675
3229,What are the major challenges in applying empirical methods to Requirements Engineering research?,"""Do the authors refer to and consistently use a basic terminology, descriptors, and keywords to identify and select primary studies for (systematic literature) reviews?""",0.2675
3230,"In what ways can empirical research methods be integrated into software engineering education, specifically for Requirements Engineering?","""How has the provision of data (the materials used, raw data collected, and study results identified) evolved over time?""",0.2675
3231,How can empirical methods be used to evaluate the impact of new Requirements Engineering techniques?,How has the reporting of the objects of study / treatments evolved over time?,0.2674
3232,How can the relevance and impact of empirical studies in Requirements Engineering be increased?,How do the authors justify preventing bias in the study results?,0.2674
3233,How can the external validity of empirical studies in Requirements Engineering be enhanced?,Do the authors exlain WHY their apporach is better than others in a selected context with specific characteristics?,0.2673
3234,How can empirical studies in Requirements Engineering be made more rigorous and impactful?,"""Do the authors use standards to describe the theories incorporated (used, tested, modified, formulated)?""",0.2673
3235,How can industry feedback be systematically incorporated into empirical Requirements Engineering research?,"""Do the authors use standards to describe the theories incorporated (used, tested, modified, formulated)?""",0.2673
3236,What are the criteria for selecting appropriate empirical methods for specific research questions in Requirements Engineering?,Do the authors exlain WHY their apporach is better than others in a selected context with specific characteristics?,0.2673
3237,What are the criteria for selecting appropriate empirical methods for specific research questions in Requirements Engineering?,Does the research design allow for efficient reuse of study (results) by other researchers?,0.2672
3238,How can biases be minimized in empirical studies of Requirements Engineering?,"""What empirical methods are used to conduct integrative and interpretive (systematic literature) reviews, so-called secondary research?""",0.2672
3239,How can the findings from empirical Requirements Engineering studies be synthesized and communicated to practitioners?,How has the reporting of threats to validity evolved over time?,0.2672
3240,"In what ways can empirical research methods be integrated into software engineering education, specifically for Requirements Engineering?",How often are standards used to describe the theories incorporated?,0.2672
3241,How can empirical research in Requirements Engineering address the challenge of generalizability?,"""What empirical methods are used to conduct integrative and interpretive (systematic literature) reviews, so-called secondary research?""",0.2670
3242,How can empirical research in Requirements Engineering address the needs of global software development teams?,Do the authors use (a common set of empirically derived) criteria to characterize the quality of secondary research and thus the overall strength of a body of evidence?,0.2670
3243,How can the use of empirical methods in Requirements Engineering research be improved?,How has the proportion of pure demonstrations (proof of concept) and simple experience reports (lessons learned) evolved over time?,0.2669
3244,How can empirical evidence in Requirements Engineering inform decision-making processes in software engineering?,How do the authors justify preventing bias in the study results?,0.2669
3245,What are the criteria for assessing the credibility of empirical research findings in Requirements Engineering?,Do the authors use multiple digital libraries including publications from SE and RE and related disciplines for (systematic literature) reviews?,0.2669
3246,What are the implications of heterogeneous interventions in empirical studies of Requirements Engineering?,How often are which empirical methods used?,0.2669
3247,How can empirical research in Requirements Engineering address the needs of global software development teams?,How many publications are analyzed in (systematic literature) reviews?,0.2668
3248,How can empirical research in Requirements Engineering contribute to improving software development processes?,How many studies incorporate theories?,0.2667
3249,How can empirical research in Requirements Engineering be used to inform policy-making in software engineering?,"""How has building on previous research data and results, including from other disciplines, evolved over time?""",0.2667
3250,What is the role of empirical methods in advancing the state-of-the-art in Requirements Engineering?,Have the authors done a systematic review of related work?,0.2667
3251,How can empirical evidence in Requirements Engineering inform decision-making processes in software engineering?,How has the use of statistical methods evolved over time?,0.2667
3252,How can empirical methods be used to evaluate software requirements specifications?,How has comparing new approaches with relevant alternative approaches used in the industry evolved over time?,0.2666
3253,How can the relevance and impact of empirical studies in Requirements Engineering be increased?,"""Do the authors use standards to describe the theories incorporated (used, tested, modified, formulated)?""",0.2666
3254,How can empirical research in Requirements Engineering address the challenge of generalizability?,Do the authors exlain HOW their apporach is better than others in a selected context with specific characteristics?,0.2666
3255,How can empirical methods be used to evaluate the impact of new Requirements Engineering techniques?,"""Do the authors use standards to describe the theories incorporated (used, tested, modified, formulated)?""",0.2665
3256,What are the ethical considerations in conducting empirical research in Requirements Engineering?,How often are standards used to describe the theories incorporated?,0.2665
3257,What are the implications of empirical research for Requirements Engineering education and training?,"""How up-to-date (and relevant) are reported (systematic) reviews, so-called secondary research?""",0.2663
3258,How can the scope of empirical studies in Requirements Engineering be systematically defined and reported?, How do the authors justify the lack of a proper study?,0.2663
3259,How can empirical research in Requirements Engineering address the needs of global software development teams?,How many different empirical methods are used per publication?,0.2663
3260,How can empirical research in Requirements Engineering support the development of industry-relevant guidelines and checklists?,"""Do electronic resources (digital libraries and databases) provide all the functionalies that support the identification, selection, and retrieval of bibliographic and full-text information about SE research?""",0.2663
3261,What mechanisms exist to facilitate industry-academia collaboration in empirical Requirements Engineering research?,"""Do the authors refer to and consistently use a basic terminology, descriptors, and keywords to identify and select primary studies for (systematic literature) reviews?""",0.2663
3262,What are the criteria for selecting appropriate empirical methods for specific research questions in Requirements Engineering?,Have the authors done a systematic review of related work?,0.2662
3263,What are the criteria for assessing the credibility of empirical research findings in Requirements Engineering?,How many theories from the SE and RE are there?,0.2661
3264,What are the best practices for reporting empirical research findings in Requirements Engineering?,How has the use of triangulation for research design evolved over time?,0.2660
3265,How can empirical research in Requirements Engineering be used to inform policy-making in software engineering?,How has comparing new approaches with relevant alternative approaches used in the industry evolved over time?,0.2660
3266,How can empirical evidence in Requirements Engineering inform decision-making processes in software engineering?,How has the reporting of the setting evolved over time?,0.2659
3267,What are the primary research questions addressed by empirical methods in Requirements Engineering studies?,Which digital libraries with publications from SE and RE and related disciplines do authors use for (systematic literature) reviews?,0.2659
3268,What are the methods for conducting effective surveys in Requirements Engineering research?,How has the reporting of the subjects evolved over time?,0.2658
3269,What are the key success factors for empirical studies in Requirements Engineering?,How has the use of theories for a diverse and reflective generalization of study results evolved over time?,0.2657
3270,What are the key success factors for empirical studies in Requirements Engineering?,How has the reporting of the context evolved over time?,0.2657
3271,What are the methods for evaluating the reliability of empirical data in Requirements Engineering research?,How has the reporting of the subjects evolved over time?,0.2657
3272,What criteria are used to evaluate the quality of empirical studies in Requirements Engineering?,Do the authors refer to a reference (website or systematic review) that systematizes and characterizes the theory incorporated?,0.2657
3273,What are the methods for synthesizing empirical evidence from diverse study designs in Requirements Engineering?,"""What is the proportion of theories from other disciplines, from other disciplines with adaptions for the SE and RE, and from SE and RE itself?""",0.2656
3274,How can empirical research in Requirements Engineering be used to support continuous improvement in software processes?,Do the authors use a well defined taxonomy for their research design?,0.2656
3275,What are the best practices for conducting systematic reviews in empirical Requirements Engineering research?,How has the reporting of the tasks evolved over time?,0.2656
3276,What are the lessons learned from past empirical studies in Requirements Engineering?,How has the number of theories from SE and RE evolved over time?,0.2656
3277,What are the core empirical methods used in Requirements Engineering research?,How many studies incorporate theories?,0.2656
3278,How can biases be minimized in empirical studies of Requirements Engineering?,How has the use of standards to describe the theories incorporated evolved over time?,0.2655
3279,What are the implications of empirical research for Requirements Engineering education and training?,How has the reporting of the objects of study / treatments evolved over time?,0.2655
3280,What are the key success factors for empirical studies in Requirements Engineering?,Do authors report that assumptions and limitations of statistical methods are met before using them?,0.2655
3281,How can the findings from empirical Requirements Engineering studies be synthesized and communicated to practitioners?,How has the use of theories for a diverse and reflective generalization of study results evolved over time?,0.2654
3282,What are the methods for evaluating the reliability of empirical data in Requirements Engineering research?,"""Do the authors refer to and consistently use a basic terminology, descriptors, and keywords to identify and select primary studies for (systematic literature) reviews?""",0.2654
3283,How can the scope of empirical studies in Requirements Engineering be systematically defined and reported?,Do authors report that assumptions and limitations of statistical methods are met before using them?,0.2654
3284,How can empirical research in Requirements Engineering contribute to improving software development processes?,How has the use of statistical methods evolved over time?,0.2653
3285,What are the future directions for empirical research in Requirements Engineering?,How has the reporting of the objects of study / treatments evolved over time?,0.2652
3286,How can empirical research in Requirements Engineering support the development of industry-relevant guidelines and checklists?,How has the use of theories for a diverse and reflective generalization of study results evolved over time?,0.2652
3287,How can empirical methods be used to evaluate the impact of new Requirements Engineering techniques?,Do the authors report the selected context of their study with specific characteristics?,0.2652
3288,How can empirical research in Requirements Engineering support the development of new tools and technologies?,How has the reporting of the context evolved over time?,0.2652
3289,How can biases be minimized in empirical studies of Requirements Engineering?,How has the use of triangulation for research design evolved over time?,0.2652
3290,What are the core empirical methods used in Requirements Engineering research?,Do the authors exlain WHY their apporach is better than others in a selected context with specific characteristics?,0.2651
3291,How can empirical studies in Requirements Engineering better address the needs of diverse stakeholders?,"""How up-to-date (and relevant) are reported (systematic) reviews, so-called secondary research?""",0.2651
3292,How has the use of empirical methods in Requirements Engineering evolved over time?,How many studies incorporate theories?,0.2651
3293,What mechanisms exist to facilitate industry-academia collaboration in empirical Requirements Engineering research?,Do the authors use (a common set of empirically derived) criteria to characterize the quality of secondary research and thus the overall strength of a body of evidence?,0.2651
3294,How can empirical research in Requirements Engineering address the challenge of generalizability?,Which methods are used to synthesize evidence from data of different empirical methods?,0.2651
3295,What are the methods for conducting effective surveys in Requirements Engineering research?,Which digital libraries with publications from SE and RE and related disciplines do authors use for (systematic literature) reviews?,0.2650
3296,What are the best practices for reporting empirical research findings in Requirements Engineering?,How many studies incorporate theories?,0.2649
3297,How can empirical research findings in Requirements Engineering be made more accessible to practitioners?,Do the authors exlain WHY their apporach is better than others in a selected context with specific characteristics?,0.2649
3298,What are the common challenges encountered in conducting empirical case studies in Requirements Engineering?,Have the authors done a systematic review of related work?,0.2649
3299,What are the key challenges in synthesizing qualitative and quantitative data in Requirements Engineering research?,Which methods are used to synthesize evidence from data of different empirical methods?,0.2648
3300,What are the best practices for conducting systematic reviews in empirical Requirements Engineering research?,How has the reporting of threats to validity evolved over time?,0.2648
3301,What are the methods for evaluating the reliability of empirical data in Requirements Engineering research?,"""Do the authors synthesize and present the results as checklists or guidelines applicable for industrial users, such as policy-makers, practitioners, and the general public?""",0.2648
3302,How can empirical studies in Requirements Engineering be made more rigorous and impactful?,Do the authors exlain WHY their apporach is better than others in a selected context with specific characteristics?,0.2647
3303,How can empirical research in Requirements Engineering be used to support continuous improvement in software processes?,How many publications are analyzed in (systematic literature) reviews?,0.2647
3304,What are the criteria for selecting appropriate empirical methods for specific research questions in Requirements Engineering?,What is the proportion of each of the three levels of sophistication for theories from SE and RE?,0.2646
3305,What are the common challenges encountered in conducting empirical case studies in Requirements Engineering?,How has the reporting of research questions and answers evolved over time?,0.2646
3306,How can biases be minimized in empirical studies of Requirements Engineering?,Do the authors use a well defined taxonomy for their research design?,0.2644
3307,What are the implications of heterogeneous interventions in empirical studies of Requirements Engineering?,Does the research design allow for efficient reuse of study (results) by other researchers?,0.2643
3308,What are the implications of heterogeneous interventions in empirical studies of Requirements Engineering?,How has the use of theories for a diverse and reflective generalization of study results evolved over time?,0.2643
3309,What are the implications of heterogeneous interventions in empirical studies of Requirements Engineering?,How has the proportion of papers that do not have an empirical study evolved over time?,0.2643
3310,How can empirical research support the development of more effective Requirements Elicitation techniques?,How many publications are analyzed in (systematic literature) reviews?,0.2643
3311,What are the best practices for conducting systematic reviews in empirical Requirements Engineering research?,"""How has building on previous research data and results, including from other disciplines, evolved over time?""",0.2643
3312,What are the implications of empirical research for the future of Requirements Engineering as a discipline?,How has comparing new approaches with relevant alternative approaches used in the industry evolved over time?,0.2642
3313,How can empirical methods be used to evaluate the impact of new Requirements Engineering techniques?,How has the proportion of pure demonstrations (proof of concept) and simple experience reports (lessons learned) evolved over time?,0.2642
3314,What are the critical research gaps in the empirical study of Requirements Engineering?,"""Do the authors synthesize and present the results as checklists or guidelines applicable for industrial users, such as policy-makers, practitioners, and the general public?""",0.2642
3315,How can empirical research in Requirements Engineering address the challenge of generalizability?,How has the reporting of research questions and answers evolved over time?,0.2641
3316,How can industry feedback be systematically incorporated into empirical Requirements Engineering research?,How has the reporting of threats to validity evolved over time?,0.2640
3317,How can empirical evidence in Requirements Engineering inform decision-making processes in software engineering?,Have the authors done a systematic review of related work?,0.2640
3318,How can empirical research in Requirements Engineering support the development of new tools and technologies?,How has the reporting of the setting evolved over time?,0.2639
3319,How can empirical methods be used to study the effectiveness of Requirements Management practices?,"""How up-to-date (and relevant) are reported (systematic) reviews, so-called secondary research?""",0.2638
3320,What methods are used to ensure the reliability and validity of empirical data in Requirements Engineering research?,Which digital libraries with publications from SE and RE and related disciplines do authors use for (systematic literature) reviews?,0.2637
3321,How can empirical research address the socio-technical aspects of Requirements Engineering?,How has the proportion of each of the three levels of sophistication for theories from SE and RE evolved over time?,0.2636
3322,How can empirical research address the socio-technical aspects of Requirements Engineering?,How has the incorporation of theories in studies evolved over time?,0.2636
3323,How can empirical research contribute to the development of standardized practices in Requirements Engineering?,Do the authors refer to a reference (website or systematic review) that systematizes and characterizes the theory incorporated?,0.2636
3324,How can empirical research in Requirements Engineering contribute to theory building?,"""Do the authors synthesize and present the results as checklists or guidelines applicable for industrial users, such as policy-makers, practitioners, and the general public?""",0.2635
3325,How can biases be minimized in empirical studies of Requirements Engineering?,How often are standards used to describe the theories incorporated?,0.2635
3326,How can empirical data from multiple studies be effectively integrated in Requirements Engineering research?,How has the use of power analysis and effect size estimation evolved over time?,0.2635
3327,What are the key challenges in synthesizing qualitative and quantitative data in Requirements Engineering research?,What types of threats to validity do the authors report?,0.2635
3328,How can empirical methods be used to evaluate software requirements specifications?,"""How has the provision of data (the materials used, raw data collected, and study results identified) evolved over time?""",0.2634
3329,What are the key success factors for empirical studies in Requirements Engineering?,How has the reporting of the objects of study / treatments evolved over time?,0.2634
3330,What methods are used to ensure the reliability and validity of empirical data in Requirements Engineering research?,How has the reporting of the objects of study / treatments evolved over time?,0.2634
3331,How can empirical research in Requirements Engineering address the needs of global software development teams?,Have the authors done a systematic review of related work?,0.2634
3332,What are the best practices for designing and conducting action research in Requirements Engineering?,"""How up-to-date (and relevant) are reported (systematic) reviews, so-called secondary research?""",0.2633
3333,What are the core empirical methods used in Requirements Engineering research?,Which digital libraries with publications from SE and RE and related disciplines do authors use for (systematic literature) reviews?,0.2633
3334,How can empirical studies in Requirements Engineering be made more rigorous and impactful?,How many studies incorporate theories?,0.2633
3335,What are the methods for evaluating the reliability of empirical data in Requirements Engineering research?,Do the authors use a well defined taxonomy for their research design?,0.2632
3336,"In what ways can empirical research methods be integrated into software engineering education, specifically for Requirements Engineering?",Do authors report that assumptions and limitations of statistical methods are met before using them?,0.2631
3337,How can the use of empirical methods in Requirements Engineering research be improved?,How has the reporting of the objects of study / treatments evolved over time?,0.2631
3338,How can empirical research in Requirements Engineering address the needs of global software development teams?,"""Do the authors synthesize and present the results as checklists or guidelines applicable for industrial users, such as policy-makers, practitioners, and the general public?""",0.2630
3339,What are the primary research questions addressed by empirical methods in Requirements Engineering studies?,How has the reporting of the objects of study / treatments evolved over time?,0.2629
3340,How do empirical studies in Requirements Engineering integrate quantitative and qualitative approaches?,How has the use of theories for a diverse and reflective generalization of study results evolved over time?,0.2629
3341,Which empirical methods are recommended for synthesizing evidence in Requirements Engineering?,How do the authors justify preventing bias in the study results?,0.2629
3342,What are the core empirical methods used in Requirements Engineering research?,How has the use of theories for a diverse and reflective generalization of study results evolved over time?,0.2628
3343,How can the threats to internal and external validity be mitigated in empirical studies of Requirements Engineering?,How has the use of standards to describe the theories incorporated evolved over time?,0.2628
3344,How can empirical evidence in Requirements Engineering inform decision-making processes in software engineering?,Do authors report that assumptions and limitations of statistical methods are met before using them?,0.2628
3345,"How can empirical methods in Requirements Engineering be adapted to address complex, real-world problems?",How has the proportion of studies by authors working for large software development companies evolved over time?,0.2627
3346,How can the relevance and impact of empirical studies in Requirements Engineering be increased?,How has the incorporation of theories in studies evolved over time?,0.2627
3347,How can empirical research in Requirements Engineering support the development of industry-relevant guidelines and checklists?,How has the reporting of the context evolved over time?,0.2627
3348,What are the primary research questions addressed by empirical methods in Requirements Engineering studies?,How many theories from the SE and RE are there?,0.2627
3349,How can the use of empirical methods in Requirements Engineering research be improved?,How has the reporting of the context evolved over time?,0.2627
3350,How can empirical studies in Requirements Engineering be made more rigorous and impactful?,How has the reporting of the subjects evolved over time?,0.2626
3351,How can empirical studies in Requirements Engineering better address the needs of diverse stakeholders?,Which methods are used to synthesize evidence from data of different empirical methods?,0.2624
3352,How can empirical findings in Requirements Engineering be translated into best practices?,How has the use of theories for a diverse and reflective generalization of study results evolved over time?,0.2623
3353,What are the critical research gaps in the empirical study of Requirements Engineering?,Do the authors synthesize and present the results as checklists or guidelines applicable for industrial users?,0.2623
3354,What are the methods for evaluating the reliability of empirical data in Requirements Engineering research?,Which digital libraries with publications from SE and RE and related disciplines do authors use for (systematic literature) reviews?,0.2623
3355,What role do replications play in ensuring the robustness of empirical studies in Requirements Engineering?,How has the number of theories from SE and RE evolved over time?,0.2623
3356,How can empirical research in Requirements Engineering support the development of industry-relevant guidelines and checklists?,Do the authors use other channels to publish their results for making them available to industrial users?,0.2622
3357,What are the methods for evaluating the reliability of empirical data in Requirements Engineering research?,How has the reporting of the objects of study / treatments evolved over time?,0.2621
3358,How can empirical research in Requirements Engineering be used to support continuous improvement in software processes?,How has the reporting of the objects of study / treatments evolved over time?,0.2621
3359,How can empirical studies in Requirements Engineering better address the needs of diverse stakeholders?,Do the authors use (a common set of empirically derived) criteria to characterize the quality of secondary research and thus the overall strength of a body of evidence?,0.2621
3360,How can the scope of empirical studies in Requirements Engineering be systematically defined and reported?,How has comparing new approaches with relevant alternative approaches used in the industry evolved over time?,0.2621
3361,What methods are used to ensure the reliability and validity of empirical data in Requirements Engineering research?,Have the authors done a systematic review of related work?,0.2620
3362,How can empirical research in Requirements Engineering address the challenge of generalizability?,How has the use of triangulation for research design evolved over time?,0.2620
3363,How has the use of empirical methods in Requirements Engineering evolved over time?,Have the authors done a systematic review of related work?,0.2620
3364,What are the best practices for designing and conducting action research in Requirements Engineering?,Which sub-fields of SE and RE do the empirical studies cover over time?,0.2620
3365,"How can empirical methods in Requirements Engineering be adapted to address complex, real-world problems?",How has the use of statistical methods evolved over time?,0.2619
3366,How can empirical research support the development of more effective Requirements Elicitation techniques?,"""Do the authors use standards to describe the theories incorporated (used, tested, modified, formulated)?""",0.2618
3367,What are the core empirical methods used in Requirements Engineering research?,How has the reporting of the objects of study / treatments evolved over time?,0.2618
3368,How can the findings from empirical Requirements Engineering studies be synthesized and communicated to practitioners?,Does the research design allow for efficient reuse of study (results) by other researchers?,0.2618
3369,How can empirical research in Requirements Engineering be used to support continuous improvement in software processes?,How has the use of triangulation for research design evolved over time?,0.2618
3370,What are the critical research gaps in the empirical study of Requirements Engineering?,What is the proportion of each of the three levels of sophistication for theories from SE and RE?,0.2618
3371,How can empirical findings in Requirements Engineering be translated into best practices?,Do the authors refer to a reference (website or systematic review) that systematizes and characterizes the theory incorporated?,0.2617
3372,What are the lessons learned from past empirical studies in Requirements Engineering?,How many studies incorporate theories?,0.2617
3373,How can empirical research findings in Requirements Engineering be made more accessible to practitioners?,Do the authors use other channels to publish their results for making them available to industrial users?,0.2617
3374,What are the methods for evaluating the reliability of empirical data in Requirements Engineering research?,Have the authors done a systematic review of related work?,0.2617
3375,How can empirical research address the socio-technical aspects of Requirements Engineering?,What is the proportion of each of the three levels of sophistication for theories from SE and RE?,0.2617
3376,Which empirical methods are recommended for synthesizing evidence in Requirements Engineering?,"""On which levels of sophistication are the theories from SE and RE? (level 1, level 2, or level 3 defined in Sjøberg et al. [1])""",0.2617
3377,What role do replications play in ensuring the robustness of empirical studies in Requirements Engineering?,"""Do the authors refer to and consistently use a basic terminology, descriptors, and keywords to identify and select primary studies for (systematic literature) reviews?""",0.2616
3378,How can empirical research in Requirements Engineering support the development of new tools and technologies?,Does the research design allow for efficient reuse of study (results) by other researchers?,0.2616
3379,What are the standards for documenting and sharing empirical research data in Requirements Engineering?,How has the use of statistical methods evolved over time?,0.2615
3380,What are the best practices for designing and conducting action research in Requirements Engineering?,Do the authors synthesize and present the results as checklists or guidelines applicable for industrial users?,0.2615
3381,How can empirical research in Requirements Engineering be used to inform policy-making in software engineering?,How has the proportion of pure demonstrations (proof of concept) and simple experience reports (lessons learned) evolved over time?,0.2615
3382,What are the methods for conducting effective surveys in Requirements Engineering research?,Do authors report that assumptions and limitations of statistical methods are met before using them?,0.2613
3383,How can empirical evidence in Requirements Engineering inform decision-making processes in software engineering?,How has the use of theories for a diverse and reflective generalization of study results evolved over time?,0.2613
3384,How can empirical methods be used to evaluate the impact of new Requirements Engineering techniques?,How has the reporting of the setting evolved over time?,0.2612
3385,What are the ethical considerations in conducting empirical research in Requirements Engineering?,How has the reporting of the objects of study / treatments evolved over time?,0.2611
3386,What are the critical success factors for industry-academia research collaborations in Requirements Engineering?,How has the proportion of empirical studies evolved over time?,0.2611
3387,How can the external validity of empirical studies in Requirements Engineering be enhanced?,Do the authors use multiple digital libraries including publications from SE and RE and related disciplines for (systematic literature) reviews?,0.2610
3388,What are the considerations for designing controlled experiments in Requirements Engineering?,How often are standards used to describe the theories incorporated?,0.2610
3389,What criteria are used to evaluate the quality of empirical studies in Requirements Engineering?,How has the reporting of threats to validity evolved over time?,0.2609
3390,How can empirical methods be used to evaluate the impact of new Requirements Engineering techniques?,How has the use of theories for a diverse and reflective generalization of study results evolved over time?,0.2609
3391,What are the best practices for designing and conducting action research in Requirements Engineering?,How many studies incorporate theories?,0.2609
3392,How can the constructs and variables used in empirical Requirements Engineering research be defined and operationalized?,"""How has building on previous research data and results, including from other disciplines, evolved over time?""",0.2609
3393,What are the methods for ensuring the transparency and reproducibility of empirical research in Requirements Engineering?, How do the authors justify the lack of a proper study?,0.2609
3394,How can empirical studies in Requirements Engineering be made more rigorous and impactful?,How has the use of power analysis and effect size estimation evolved over time?,0.2608
3395,What are the criteria for assessing the credibility of empirical research findings in Requirements Engineering?,Do the authors exlain HOW their apporach is better than others in a selected context with specific characteristics?,0.2608
3396,How can empirical research in Requirements Engineering benefit from interdisciplinary approaches?,"""What is the proportion of theories from other disciplines, from other disciplines with adaptions for the SE and RE, and from SE and RE itself?""",0.2608
3397,What are the common challenges encountered in conducting empirical case studies in Requirements Engineering?,How often are standards used to describe the theories incorporated?,0.2608
3398,What is the role of empirical methods in advancing the state-of-the-art in Requirements Engineering?,How has the reporting of the context evolved over time?,0.2608
3399,How can empirical methods be used to study the effectiveness of Requirements Management practices?,Does the research design allow for efficient reuse of study (results) by other researchers?,0.2608
3400,What role do replications play in ensuring the robustness of empirical studies in Requirements Engineering?,How has the use of statistical methods evolved over time?,0.2608
3401,What are the ethical considerations in conducting empirical research in Requirements Engineering?,How many studies incorporate theories?,0.2608
3402,What are the common themes in the empirical literature on Requirements Engineering?,How has the reporting of the context evolved over time?,0.2607
3403,How can the threats to internal and external validity be mitigated in empirical studies of Requirements Engineering?,Do authors report that assumptions and limitations of statistical methods are met before using them?,0.2606
3404,What are the guidelines for conducting high-quality empirical studies in Requirements Engineering?,Which digital libraries with publications from SE and RE and related disciplines do authors use for (systematic literature) reviews?,0.2606
3405,What mechanisms exist to facilitate industry-academia collaboration in empirical Requirements Engineering research?,How often are those who conduct the studies also the authors of the papers?,0.2605
3406,How can the constructs and variables used in empirical Requirements Engineering research be defined and operationalized?,How has the use of triangulation for research design evolved over time?,0.2605
3407,What are the common themes in the empirical literature on Requirements Engineering?,"""How has building on previous research data and results, including from other disciplines, evolved over time?""",0.2605
3408,What is the role of empirical methods in advancing the state-of-the-art in Requirements Engineering?,Do authors report that assumptions and limitations of statistical methods are met before using them?,0.2604
3409,How can empirical research in Requirements Engineering support the development of industry-relevant guidelines and checklists?,Do authors report that assumptions and limitations of statistical methods are met before using them?,0.2604
3410,How can biases be minimized in empirical studies of Requirements Engineering?,Which methods are used to synthesize evidence from data of different empirical methods?,0.2604
3411,What are the key challenges in synthesizing qualitative and quantitative data in Requirements Engineering research?,Do authors report that assumptions and limitations of statistical methods are met before using them?,0.2604
3412,How can empirical studies support the validation and refinement of Requirements Engineering theories?,Do the authors use multiple digital libraries including publications from SE and RE and related disciplines for (systematic literature) reviews?,0.2603
3413,What are the methods for conducting effective surveys in Requirements Engineering research?,"""Do the authors use standards to describe the theories incorporated (used, tested, modified, formulated)?""",0.2602
3414,What are the implications of heterogeneous interventions in empirical studies of Requirements Engineering?,Do the authors exlain HOW their apporach is better than others in a selected context with specific characteristics?,0.2601
3415,What are the criteria for selecting appropriate empirical methods for specific research questions in Requirements Engineering?,How has the reporting of the objects of study / treatments evolved over time?,0.2601
3416,How can empirical methods be used to evaluate software requirements specifications?,How has the reporting of the tasks evolved over time?,0.2601
3417,What are the methods for synthesizing empirical evidence from diverse study designs in Requirements Engineering?,How has the reporting of threats to validity evolved over time?,0.2601
3418,"In what ways can empirical research methods be integrated into software engineering education, specifically for Requirements Engineering?",Do the authors use multiple digital libraries including publications from SE and RE and related disciplines for (systematic literature) reviews?,0.2601
3419,What are the considerations for designing controlled experiments in Requirements Engineering?,Do the authors report the selected context of their study with specific characteristics?,0.2600
3420,What are the key challenges in synthesizing qualitative and quantitative data in Requirements Engineering research?,"""How up-to-date (and relevant) are reported (systematic) reviews, so-called secondary research?""",0.2600
3421,What are the key success factors for empirical studies in Requirements Engineering?,How has the use of triangulation for research design evolved over time?,0.2600
3422,What are the lessons learned from past empirical studies in Requirements Engineering?, How do the authors justify the lack of a proper study?,0.2599
3423,How can the reproducibility of empirical studies in Requirements Engineering be ensured?,How has the use of theories for a diverse and reflective generalization of study results evolved over time?,0.2599
3424,What are the ethical considerations in conducting empirical research in Requirements Engineering?,How many publications are analyzed in (systematic literature) reviews?,0.2599
3425,How can empirical research in Requirements Engineering be used to support continuous improvement in software processes?,"""How up-to-date (and relevant) are reported (systematic) reviews, so-called secondary research?""",0.2599
3426,How can empirical evidence in Requirements Engineering inform decision-making processes in software engineering?,How often are standards used to describe the theories incorporated?,0.2598
3427,What are the methods for conducting effective surveys in Requirements Engineering research?, How do the authors justify the lack of a proper study?,0.2598
3428,How can empirical research in Requirements Engineering contribute to theory building?,Does the research design allow for efficient reuse of study (results) by other researchers?,0.2597
3429,What are the core empirical methods used in Requirements Engineering research?,"""How has building on previous research data and results, including from other disciplines, evolved over time?""",0.2597
3430,How can biases be minimized in empirical studies of Requirements Engineering?,How has comparing new approaches with relevant alternative approaches used in the industry evolved over time?,0.2597
3431,How can empirical research support the development of more effective Requirements Elicitation techniques?,Do authors report that assumptions and limitations of statistical methods are met before using them?,0.2597
3432,How can empirical research in Requirements Engineering be used to inform policy-making in software engineering?,Does the research design allow for efficient reuse of study (results) by other researchers?,0.2596
3433,What are the criteria for selecting appropriate empirical methods for specific research questions in Requirements Engineering?,Do the authors use multiple digital libraries including publications from SE and RE and related disciplines for (systematic literature) reviews?,0.2596
3434,How can empirical research in Requirements Engineering contribute to improving software development processes?,How has the reporting of the setting evolved over time?,0.2595
3435,How can empirical methods be used to evaluate the impact of new Requirements Engineering techniques?,How has the reporting of the context evolved over time?,0.2594
3436,"In what ways can empirical research methods be integrated into software engineering education, specifically for Requirements Engineering?",Do the authors synthesize and present the results as checklists or guidelines applicable for industrial users?,0.2594
3437,What are the best practices for designing and conducting action research in Requirements Engineering?,Which digital libraries with publications from SE and RE and related disciplines do authors use for (systematic literature) reviews?,0.2593
3438,What are the critical research gaps in the empirical study of Requirements Engineering?,How has comparing new approaches with relevant alternative approaches used in the industry evolved over time?,0.2592
3439,What are the critical success factors for industry-academia research collaborations in Requirements Engineering?,How has the incorporation of theories in studies evolved over time?,0.2592
3440,What role do replications play in ensuring the robustness of empirical studies in Requirements Engineering?,How has the incorporation of theories in studies evolved over time?,0.2591
3441,What are the methods for assessing the impact of empirical studies in Requirements Engineering on industry practices?,Do the authors use multiple digital libraries including publications from SE and RE and related disciplines for (systematic literature) reviews?,0.2590
3442,What methods are used to ensure the reliability and validity of empirical data in Requirements Engineering research?,How has the reporting of the subjects evolved over time?,0.2590
3443,How can empirical research support the development of more effective Requirements Elicitation techniques?,Do the authors exlain WHY their apporach is better than others in a selected context with specific characteristics?,0.2590
3444,What are the major challenges in applying empirical methods to Requirements Engineering research?,How has the reporting of the objects of study / treatments evolved over time?,0.2590
3445,What are the implications of empirical research for the future of Requirements Engineering as a discipline?,"""How up-to-date (and relevant) are reported (systematic) reviews, so-called secondary research?""",0.2589
3446,How can industry feedback be systematically incorporated into empirical Requirements Engineering research?,How has the use of triangulation for research design evolved over time?,0.2589
3447,How can empirical methods guide the development of new SE technology in Requirements Engineering?,"""On which levels of sophistication are the theories from SE and RE? (level 1, level 2, or level 3 defined in Sjøberg et al. [1])""",0.2589
3448,How can empirical methods guide the development of new SE technology in Requirements Engineering?,How has the reporting of the subjects evolved over time?,0.2588
3449,What are the key success factors for empirical studies in Requirements Engineering?,Do the authors exlain HOW their apporach is better than others in a selected context with specific characteristics?,0.2587
3450,What are the major challenges in applying empirical methods to Requirements Engineering research?,"""Do the authors use standards to describe the theories incorporated (used, tested, modified, formulated)?""",0.2587
3451,What are the implications of empirical research for the future of Requirements Engineering as a discipline?,"""For which purpose do authors incorporate theories into their studies (use, testing, modification, formulation)?""",0.2587
3452,What are the key challenges in synthesizing qualitative and quantitative data in Requirements Engineering research?,How has the use of (a common set of empirically derived) criteria to characterize the quality of secondary research and thus the overall strength of a body of evidence evolved over time?,0.2586
3453,What criteria are used to evaluate the quality of empirical studies in Requirements Engineering?,Do the authors exlain WHEN their apporach is better than others in a selected context with specific characteristics?,0.2586
3454,How can empirical studies in Requirements Engineering be made more rigorous and impactful?,How has the incorporation of theories in studies evolved over time?,0.2586
3455,How can empirical research address the socio-technical aspects of Requirements Engineering?,How many studies incorporate theories?,0.2585
3456,How can the relevance and impact of empirical studies in Requirements Engineering be increased?,How has the proportion of each of the three levels of sophistication for theories from SE and RE evolved over time?,0.2585
3457,"In what ways can empirical research methods be integrated into software engineering education, specifically for Requirements Engineering?",How has the reporting of the tasks evolved over time?,0.2585
3458,How can the effectiveness of empirical methods in Requirements Engineering be assessed?,Do the authors exlain HOW their apporach is better than others in a selected context with specific characteristics?,0.2584
3459,What are the methods for evaluating the reliability of empirical data in Requirements Engineering research?,How has the use of triangulation for research design evolved over time?,0.2584
3460,How can the constructs and variables used in empirical Requirements Engineering research be defined and operationalized?,How has comparing new approaches with relevant alternative approaches used in the industry evolved over time?,0.2584
3461,What are the critical success factors for industry-academia research collaborations in Requirements Engineering?,"""How has the proportion of theories from other disciplines, from other disciplines with adaptions for the SE (RE), and from SE (RE) itself evolved over time?""",0.2584
3462,How can empirical research in Requirements Engineering be used to support continuous improvement in software processes?,Do the authors synthesize and present the results as checklists or guidelines applicable for industrial users?,0.2583
3463,How can empirical findings in Requirements Engineering be validated through multiple studies and contexts?,What is the proportion of each of the three levels of sophistication for theories from SE and RE?,0.2583
3464,How can empirical findings in Requirements Engineering be validated through multiple studies and contexts?,How has the number of theories from SE and RE evolved over time?,0.2583
3465,What are the methods for conducting effective surveys in Requirements Engineering research?,"""How has building on previous research data and results, including from other disciplines, evolved over time?""",0.2583
3466,What mechanisms exist to facilitate industry-academia collaboration in empirical Requirements Engineering research?,"""Do electronic resources (digital libraries and databases) provide all the functionalies that support the identification, selection, and retrieval of bibliographic and full-text information about SE research?""",0.2581
3467,What are the critical research gaps in the empirical study of Requirements Engineering?,How many theories from the SE and RE are there?,0.2580
3468,How can empirical methods guide the development of new SE technology in Requirements Engineering?,"""What is the proportion of theories from other disciplines, from other disciplines with adaptions for the SE and RE, and from SE and RE itself?""",0.2579
3469,What are the future directions for empirical research in Requirements Engineering?,How has the use of theories for a diverse and reflective generalization of study results evolved over time?,0.2579
3470,How has the use of empirical methods in Requirements Engineering evolved over time?,How has the reporting of threats to validity evolved over time?,0.2579
3471,How has the use of empirical methods in Requirements Engineering evolved over time?,"""How up-to-date (and relevant) are reported (systematic) reviews, so-called secondary research?""",0.2579
3472,What are the critical research gaps in the empirical study of Requirements Engineering?,How often are which empirical methods used?,0.2579
3473,How can empirical research in Requirements Engineering support the development of new tools and technologies?,How has the incorporation of theories in studies evolved over time?,0.2579
3474,What are the critical success factors for industry-academia research collaborations in Requirements Engineering?,How many publications are analyzed in (systematic literature) reviews?,0.2578
3475,How can biases be minimized in empirical studies of Requirements Engineering?,How has the proportion of pure demonstrations (proof of concept) and simple experience reports (lessons learned) evolved over time?,0.2578
3476,How can the reproducibility of empirical studies in Requirements Engineering be ensured?,How has the number of theories from SE and RE evolved over time?,0.2577
3477,Which empirical methods are most commonly deployed in industry-academia collaborations in Requirements Engineering?,How has the use of language (academic vs. plain) in scientific publications evolved over time?,0.2577
3478,How can the constructs and variables used in empirical Requirements Engineering research be defined and operationalized?,How many publications are analyzed in (systematic literature) reviews?,0.2577
3479,What are the common challenges encountered in conducting empirical case studies in Requirements Engineering?,What types of threats to validity do the authors report?,0.2577
3480,What are the common challenges encountered in conducting empirical case studies in Requirements Engineering?,"""How up-to-date (and relevant) are reported (systematic) reviews, so-called secondary research?""",0.2576
3481,How can the external validity of empirical studies in Requirements Engineering be enhanced?,How has the use of power analysis and effect size estimation evolved over time?,0.2576
3482,What are the key success factors for empirical studies in Requirements Engineering?,What is the proportion of each of the three levels of sophistication for theories from SE and RE?,0.2576
3483,How can empirical methods guide the development of new SE technology in Requirements Engineering?,How has the reporting of the context evolved over time?,0.2575
3484,How can empirical research in Requirements Engineering contribute to improving software development processes?,How has the reporting of the context evolved over time?,0.2575
3485,What are the primary research questions addressed by empirical methods in Requirements Engineering studies?,"""What is the proportion of theories from other disciplines, from other disciplines with adaptions for the SE and RE, and from SE and RE itself?""",0.2574
3486,How can empirical studies in Requirements Engineering better address the needs of diverse stakeholders?,How has the reporting of the context evolved over time?,0.2574
3487,Which empirical methods are most commonly deployed in industry-academia collaborations in Requirements Engineering?,How often are those who conduct the studies also the authors of the papers?,0.2573
3488,What are the key variables studied in empirical Requirements Engineering research?,Do the authors exlain WHY their apporach is better than others in a selected context with specific characteristics?,0.2573
3489,What are the major challenges in applying empirical methods to Requirements Engineering research?,How do the authors justify preventing bias in the study results?,0.2572
3490,What are the critical research gaps in the empirical study of Requirements Engineering?,"""How has the provision of data (the materials used, raw data collected, and study results identified) evolved over time?""",0.2572
3491,How can empirical studies support the validation and refinement of Requirements Engineering theories?,How has the use of statistical methods evolved over time?,0.2571
3492,What are the implications of heterogeneous interventions in empirical studies of Requirements Engineering?, How do the authors justify the lack of a proper study?,0.2571
3493,How can empirical evidence in Requirements Engineering inform decision-making processes in software engineering?,How has comparing new approaches with relevant alternative approaches used in the industry evolved over time?,0.2571
3494,What are the major challenges in applying empirical methods to Requirements Engineering research?,Do the authors exlain HOW their apporach is better than others in a selected context with specific characteristics?,0.2570
3495,"How can empirical methods in Requirements Engineering be adapted to address complex, real-world problems?",How has the use of standards to describe the theories incorporated evolved over time?,0.2570
3496,What are the guidelines for conducting high-quality empirical studies in Requirements Engineering?,Do the authors exlain HOW their apporach is better than others in a selected context with specific characteristics?,0.2570
3497,What are the criteria for selecting appropriate empirical methods for specific research questions in Requirements Engineering?,"""On which levels of sophistication are the theories from SE and RE? (level 1, level 2, or level 3 defined in Sjøberg et al. [1])""",0.2569
3498,How can empirical studies in Requirements Engineering be made more rigorous and impactful?,How has the proportion of each of the three levels of sophistication for theories from SE and RE evolved over time?,0.2569
3499,What are the common themes in the empirical literature on Requirements Engineering?,How has comparing new approaches with relevant alternative approaches used in the industry evolved over time?,0.2568
3500,What are the common challenges encountered in conducting empirical case studies in Requirements Engineering?,"""For which purpose do authors incorporate theories into their studies (use, testing, modification, formulation)?""",0.2568
3501,How can industry feedback be systematically incorporated into empirical Requirements Engineering research?,How has the reporting of the objects of study / treatments evolved over time?,0.2568
3502,Which empirical methods are recommended for synthesizing evidence in Requirements Engineering?,Does the research design allow for efficient reuse of study (results) by other researchers?,0.2568
3503,How can empirical research in Requirements Engineering address the challenge of generalizability?,How has the use of statistical methods evolved over time?,0.2568
3504,What methods are used to ensure the reliability and validity of empirical data in Requirements Engineering research?,"""For which purpose do authors incorporate theories into their studies (use, testing, modification, formulation)?""",0.2567
3505,What are the best practices for reporting empirical research findings in Requirements Engineering?, How do the authors justify the lack of a proper study?,0.2565
3506,How can empirical research in Requirements Engineering contribute to theory building?,How has the reporting of the context evolved over time?,0.2564
3507,How can empirical data from multiple studies be effectively integrated in Requirements Engineering research?,How do the authors justify preventing bias in the study results?,0.2564
3508,Which empirical methods are most commonly deployed in industry-academia collaborations in Requirements Engineering?,"""How has the proportion of theories from other disciplines, from other disciplines with adaptions for the SE (RE), and from SE (RE) itself evolved over time?""",0.2564
3509,What are the implications of empirical research for the future of Requirements Engineering as a discipline?,How many publications are analyzed in (systematic literature) reviews?,0.2564
3510,How can empirical research support the development of more effective Requirements Elicitation techniques?,How often are standards used to describe the theories incorporated?,0.2564
3511,What are the methods for triangulating data in empirical Requirements Engineering studies?,How has the reporting of research questions and answers evolved over time?,0.2564
3512,What are the implications of heterogeneous interventions in empirical studies of Requirements Engineering?,"""Do the authors refer to and consistently use a basic terminology, descriptors, and keywords to identify and select primary studies for (systematic literature) reviews?""",0.2563
3513,What are the critical success factors for industry-academia research collaborations in Requirements Engineering?,Have the authors done a systematic review of related work?,0.2562
3514,What are the trends in the methodological approaches used in empirical Requirements Engineering research?,How has the number of theories from SE and RE evolved over time?,0.2562
3515,What are the methods for conducting effective surveys in Requirements Engineering research?,How has the use of statistical methods evolved over time?,0.2562
3516,How can empirical research in Requirements Engineering be used to support continuous improvement in software processes?,"""How has the provision of data (the materials used, raw data collected, and study results identified) evolved over time?""",0.2562
3517,What are the best practices for conducting systematic reviews in empirical Requirements Engineering research?,How has the use of triangulation for research design evolved over time?,0.2562
3518,How can empirical research findings in Requirements Engineering be made more accessible to practitioners?,Do the authors refer to a reference (website or systematic review) that systematizes and characterizes the theory incorporated?,0.2562
3519,What are the common challenges encountered in conducting empirical case studies in Requirements Engineering?,How has the reporting of threats to validity evolved over time?,0.2562
3520,How can empirical research findings in Requirements Engineering be made more accessible to practitioners?,Which digital libraries with publications from SE and RE and related disciplines do authors use for (systematic literature) reviews?,0.2561
3521,How can empirical research in Requirements Engineering contribute to theory building?,Do the authors synthesize and present the results as checklists or guidelines applicable for industrial users?,0.2561
3522,What are the key variables studied in empirical Requirements Engineering research?,How has the use of standards to describe the theories incorporated evolved over time?,0.2560
3523,What are the implications of heterogeneous interventions in empirical studies of Requirements Engineering?,How do the authors justify preventing bias in the study results?,0.2560
3524,What are the best practices for designing and conducting action research in Requirements Engineering?,Does the research design allow for efficient reuse of study (results) by other researchers?,0.2560
3525,What are the implications of heterogeneous interventions in empirical studies of Requirements Engineering?,How has the reporting of the setting evolved over time?,0.2560
3526,How can empirical research in Requirements Engineering contribute to improving software development processes?,Does the research design allow for efficient reuse of study (results) by other researchers?,0.2560
3527,How can empirical evidence in Requirements Engineering inform decision-making processes in software engineering?,How many studies incorporate theories?,0.2559
3528,How can empirical methods guide the development of new SE technology in Requirements Engineering?,How many theories from the SE and RE are there?,0.2559
3529,What are the critical success factors for industry-academia research collaborations in Requirements Engineering?,Which digital libraries with publications from SE and RE and related disciplines do authors use for (systematic literature) reviews?,0.2559
3530,"How can empirical methods in Requirements Engineering be adapted to address complex, real-world problems?",How has the use of (a common set of empirically derived) criteria to assess the quality of individual studies evolved over time?,0.2558
3531,Which empirical methods are most commonly deployed in industry-academia collaborations in Requirements Engineering?,Do the authors refer to a reference (website or systematic review) that systematizes and characterizes the theory incorporated?,0.2558
3532,How can empirical findings in Requirements Engineering be validated through multiple studies and contexts?,How many theories from the SE and RE are there?,0.2558
3533,What are the methods for ensuring the transparency and reproducibility of empirical research in Requirements Engineering?,What types of threats to validity do the authors report?,0.2557
3534,How can the threats to internal and external validity be mitigated in empirical studies of Requirements Engineering?,"""How up-to-date (and relevant) are reported (systematic) reviews, so-called secondary research?""",0.2556
3535,What are the trends in the methodological approaches used in empirical Requirements Engineering research?,How has the use of language (academic vs. plain) in scientific publications evolved over time?,0.2556
3536,What is the role of empirical methods in advancing the state-of-the-art in Requirements Engineering?,Do the authors exlain HOW their apporach is better than others in a selected context with specific characteristics?,0.2556
3537,What are the key challenges in synthesizing qualitative and quantitative data in Requirements Engineering research?,How has the use of (a common set of empirically derived) criteria to assess the quality of individual studies evolved over time?,0.2556
3538,How can the findings from empirical Requirements Engineering studies be synthesized and communicated to practitioners?,Do the authors use other channels to publish their results for making them available to industrial users?,0.2556
3539,How can the reproducibility of empirical studies in Requirements Engineering be ensured?,How many theories from the SE and RE are there?,0.2555
3540,How can the external validity of empirical studies in Requirements Engineering be enhanced?,How has the reporting of the subjects evolved over time?,0.2554
3541,What are the major challenges in applying empirical methods to Requirements Engineering research?,How has the reporting of threats to validity evolved over time?,0.2554
3542,How can empirical research in Requirements Engineering benefit from interdisciplinary approaches?,"""How has the proportion of theories from other disciplines, from other disciplines with adaptions for the SE (RE), and from SE (RE) itself evolved over time?""",0.2553
3543,How can the use of empirical methods in Requirements Engineering research be improved?,"""Do the authors refer to and consistently use a basic terminology, descriptors, and keywords to identify and select primary studies for (systematic literature) reviews?""",0.2553
3544,What are the lessons learned from past empirical studies in Requirements Engineering?,Do the authors refer to a reference (website or systematic review) that systematizes and characterizes the theory incorporated?,0.2552
3545,How can empirical research in Requirements Engineering benefit from interdisciplinary approaches?,How do the authors justify preventing bias in the study results?,0.2552
3546,How can the relevance and impact of empirical studies in Requirements Engineering be increased?,How has the proportion of pure demonstrations (proof of concept) and simple experience reports (lessons learned) evolved over time?,0.2552
3547,What are the common themes in the empirical literature on Requirements Engineering?,"""Do the authors refer to and consistently use a basic terminology, descriptors, and keywords to identify and select primary studies for (systematic literature) reviews?""",0.2551
3548,How can the threats to internal and external validity be mitigated in empirical studies of Requirements Engineering?,Do the authors exlain WHY their apporach is better than others in a selected context with specific characteristics?,0.2551
3549,How can empirical evidence in Requirements Engineering inform decision-making processes in software engineering?,How has the use of standards to describe the theories incorporated evolved over time?,0.2550
3550,How can empirical methods guide the development of new SE technology in Requirements Engineering?,"""How up-to-date (and relevant) are reported (systematic) reviews, so-called secondary research?""",0.2550
3551,Which empirical methods are recommended for synthesizing evidence in Requirements Engineering?,Which digital libraries with publications from SE and RE and related disciplines do authors use for (systematic literature) reviews?,0.2550
3552,How can empirical research address the socio-technical aspects of Requirements Engineering?,Do the authors use multiple digital libraries including publications from SE and RE and related disciplines for (systematic literature) reviews?,0.2549
3553,How can industry feedback be systematically incorporated into empirical Requirements Engineering research?,Do the authors refer to a reference (website or systematic review) that systematizes and characterizes the theory incorporated?,0.2548
3554,What are the implications of heterogeneous interventions in empirical studies of Requirements Engineering?,How often are standards used to describe the theories incorporated?,0.2548
3555,What are the considerations for designing controlled experiments in Requirements Engineering?,How often are which empirical methods used?,0.2547
3556,What are the trends in the methodological approaches used in empirical Requirements Engineering research?,Do the authors exlain HOW their apporach is better than others in a selected context with specific characteristics?,0.2547
3557,How do empirical studies in Requirements Engineering integrate quantitative and qualitative approaches?,How has the use of triangulation for research design evolved over time?,0.2546
3558,What are the implications of heterogeneous interventions in empirical studies of Requirements Engineering?,How many publications are analyzed in (systematic literature) reviews?,0.2544
3559,How can empirical research in Requirements Engineering be used to inform policy-making in software engineering?,"""For which purpose do authors incorporate theories into their studies (use, testing, modification, formulation)?""",0.2544
3560,How can empirical research contribute to the development of standardized practices in Requirements Engineering?,Do the authors use multiple digital libraries including publications from SE and RE and related disciplines for (systematic literature) reviews?,0.2543
3561,How do empirical studies in Requirements Engineering integrate quantitative and qualitative approaches?,How many studies incorporate theories?,0.2543
3562,How can empirical research in Requirements Engineering support the development of industry-relevant guidelines and checklists?,How many studies incorporate theories?,0.2540
3563,What are the future directions for empirical research in Requirements Engineering?,How has the reporting of the setting evolved over time?,0.2539
3564,How can empirical research in Requirements Engineering be used to inform policy-making in software engineering?,How has the use of theories for a diverse and reflective generalization of study results evolved over time?,0.2539
3565,What are the implications of empirical research for Requirements Engineering education and training?,How has the incorporation of theories in studies evolved over time?,0.2539
3566,How can biases be minimized in empirical studies of Requirements Engineering?,How many different empirical methods are used per publication?,0.2538
3567,What are the guidelines for conducting high-quality empirical studies in Requirements Engineering?,How often are which statistical methods used?,0.2538
3568,What are the key challenges in synthesizing qualitative and quantitative data in Requirements Engineering research?,Do the authors report the selected context of their study with specific characteristics?,0.2538
3569,How can empirical methods be used to study the effectiveness of Requirements Management practices?,How has the use of triangulation for research design evolved over time?,0.2537
3570,What are the methods for evaluating the reliability of empirical data in Requirements Engineering research?,"""How has building on previous research data and results, including from other disciplines, evolved over time?""",0.2537
3571,What are the common themes in the empirical literature on Requirements Engineering?,How has the proportion of pure demonstrations (proof of concept) and simple experience reports (lessons learned) evolved over time?,0.2537
3572,What are the common themes in the empirical literature on Requirements Engineering?,Do the authors refer to a reference (website or systematic review) that systematizes and characterizes the theory incorporated?,0.2537
3573,What is the role of empirical methods in advancing the state-of-the-art in Requirements Engineering?,"""Do the authors refer to and consistently use a basic terminology, descriptors, and keywords to identify and select primary studies for (systematic literature) reviews?""",0.2537
3574,How can empirical studies support the validation and refinement of Requirements Engineering theories?,How has the reporting of research questions and answers evolved over time?,0.2537
3575,What are the implications of heterogeneous interventions in empirical studies of Requirements Engineering?,Do the authors exlain WHY their apporach is better than others in a selected context with specific characteristics?,0.2536
3576,What are the methods for triangulating data in empirical Requirements Engineering studies?,How has the reporting of the subjects evolved over time?,0.2535
3577,How can the use of empirical methods in Requirements Engineering research be improved?,How has the reporting of the setting evolved over time?,0.2535
3578,What are the criteria for assessing the credibility of empirical research findings in Requirements Engineering?,Which digital libraries with publications from SE and RE and related disciplines do authors use for (systematic literature) reviews?,0.2535
3579,What are the criteria for assessing the credibility of empirical research findings in Requirements Engineering?,"""On which levels of sophistication are the theories from SE and RE? (level 1, level 2, or level 3 defined in Sjøberg et al. [1])""",0.2535
3580,How can empirical research in Requirements Engineering contribute to theory building?,How do the authors justify preventing bias in the study results?,0.2535
3581,How has the use of empirical methods in Requirements Engineering evolved over time?,"""How has the proportion of theories from other disciplines, from other disciplines with adaptions for the SE (RE), and from SE (RE) itself evolved over time?""",0.2534
3582,What are the common themes in the empirical literature on Requirements Engineering?,How has the reporting of the setting evolved over time?,0.2534
3583,What are the common themes in the empirical literature on Requirements Engineering?, How do the authors justify the lack of a proper study?,0.2533
3584,How can the relevance and impact of empirical studies in Requirements Engineering be increased?,Does the research design allow for efficient reuse of study (results) by other researchers?,0.2533
3585,How can the effectiveness of empirical methods in Requirements Engineering be assessed?,Have the authors done a systematic review of related work?,0.2533
3586,What are the standards for documenting and sharing empirical research data in Requirements Engineering?,How has the use of language (academic vs. plain) in scientific publications evolved over time?,0.2533
3587,What are the best practices for designing and conducting action research in Requirements Engineering?,How has comparing new approaches with relevant alternative approaches used in the industry evolved over time?,0.2531
3588,How can empirical research in Requirements Engineering be used to inform policy-making in software engineering?,How has the use of triangulation for research design evolved over time?,0.2531
3589,What are the best practices for conducting systematic reviews in empirical Requirements Engineering research?,"""How has the provision of data (the materials used, raw data collected, and study results identified) evolved over time?""",0.2531
3590,What are the primary research questions addressed by empirical methods in Requirements Engineering studies?,How has the reporting of the context evolved over time?,0.2531
3591,What are the best practices for reporting empirical research findings in Requirements Engineering?,Do the authors use other channels to publish their results for making them available to industrial users?,0.2531
3592,How can empirical research in Requirements Engineering address the needs of global software development teams?,"""How has building on previous research data and results, including from other disciplines, evolved over time?""",0.2531
3593,How can empirical studies in Requirements Engineering be made more rigorous and impactful?,"""Do the authors refer to and consistently use a basic terminology, descriptors, and keywords to identify and select primary studies for (systematic literature) reviews?""",0.2530
3594,What are the guidelines for conducting high-quality empirical studies in Requirements Engineering?,How has the reporting of threats to validity evolved over time?,0.2530
3595,How can empirical research findings in Requirements Engineering be made more accessible to practitioners?,How has the proportion of each of the three levels of sophistication for theories from SE and RE evolved over time?,0.2530
3596,What are the methods for assessing the impact of empirical studies in Requirements Engineering on industry practices?,Which digital libraries with publications from SE and RE and related disciplines do authors use for (systematic literature) reviews?,0.2529
3597,What are the primary research questions addressed by empirical methods in Requirements Engineering studies?,How has the incorporation of theories in studies evolved over time?,0.2529
3598,How can empirical research in Requirements Engineering support the development of industry-relevant guidelines and checklists?,How has the reporting of the setting evolved over time?,0.2529
3599,How can empirical studies support the validation and refinement of Requirements Engineering theories?,What types of threats to validity do the authors report?,0.2529
3600,What are the critical research gaps in the empirical study of Requirements Engineering?,How has the use of standards to describe the theories incorporated evolved over time?,0.2528
3601,How do empirical studies in Requirements Engineering integrate quantitative and qualitative approaches?,How has the proportion of pure demonstrations (proof of concept) and simple experience reports (lessons learned) evolved over time?,0.2528
3602,What mechanisms exist to facilitate industry-academia collaboration in empirical Requirements Engineering research?,"""How up-to-date (and relevant) are reported (systematic) reviews, so-called secondary research?""",0.2528
3603,How can empirical methods be used to evaluate the impact of new Requirements Engineering techniques?,How has the number of theories from SE and RE evolved over time?,0.2527
3604,How can empirical studies support the validation and refinement of Requirements Engineering theories?,How has the reporting of the context evolved over time?,0.2527
3605,What are the implications of heterogeneous interventions in empirical studies of Requirements Engineering?,How has the number of empirical methods used per publication evolved over time?,0.2526
3606,How can empirical research in Requirements Engineering support the development of new tools and technologies?,How has the proportion of pure demonstrations (proof of concept) and simple experience reports (lessons learned) evolved over time?,0.2526
3607,How can empirical methods be used to evaluate the impact of new Requirements Engineering techniques?,"""Do the authors synthesize and present the results as checklists or guidelines applicable for industrial users, such as policy-makers, practitioners, and the general public?""",0.2525
3608,What are the common themes in the empirical literature on Requirements Engineering?,Which methods are used to synthesize evidence from data of different empirical methods?,0.2524
3609,How can empirical methods be used to study the effectiveness of Requirements Management practices?,"""Do the authors use standards to describe the theories incorporated (used, tested, modified, formulated)?""",0.2524
3610,How can the findings from empirical Requirements Engineering studies be synthesized and communicated to practitioners?,Do the authors use multiple digital libraries including publications from SE and RE and related disciplines for (systematic literature) reviews?,0.2524
3611,How can industry feedback be systematically incorporated into empirical Requirements Engineering research?,How often are which empirical methods used?,0.2524
3612,What are the best practices for conducting systematic reviews in empirical Requirements Engineering research?,How has the reporting of the context evolved over time?,0.2523
3613,What are the methods for ensuring the transparency and reproducibility of empirical research in Requirements Engineering?,How do the authors justify preventing bias in the study results?,0.2522
3614,What are the primary research questions addressed by empirical methods in Requirements Engineering studies?,Do the authors exlain WHEN their apporach is better than others in a selected context with specific characteristics?,0.2522
3615,What are the key variables studied in empirical Requirements Engineering research?,"""How has building on previous research data and results, including from other disciplines, evolved over time?""",0.2522
3616,"How can empirical methods in Requirements Engineering be adapted to address complex, real-world problems?",Do authors report that assumptions and limitations of statistical methods are met before using them?,0.2522
3617,What are the implications of heterogeneous interventions in empirical studies of Requirements Engineering?,Do the authors use (a common set of empirically derived) criteria to characterize the quality of secondary research and thus the overall strength of a body of evidence?,0.2521
3618,How can empirical research in Requirements Engineering support the development of industry-relevant guidelines and checklists?,How has the reporting of threats to validity evolved over time?,0.2521
3619,What are the common challenges encountered in conducting empirical case studies in Requirements Engineering?,How has the reporting of the setting evolved over time?,0.2521
3620,How can empirical research in Requirements Engineering be used to inform policy-making in software engineering?,How has the use of standards to describe the theories incorporated evolved over time?,0.2521
3621,How can industry feedback be systematically incorporated into empirical Requirements Engineering research?,How often are standards used to describe the theories incorporated?,0.2521
3622,How can the external validity of empirical studies in Requirements Engineering be enhanced?,How has the use of statistical methods evolved over time?,0.2521
3623,What are the primary research questions addressed by empirical methods in Requirements Engineering studies?,Do the authors use multiple digital libraries including publications from SE and RE and related disciplines for (systematic literature) reviews?,0.2521
3624,How can empirical research in Requirements Engineering support the development of new tools and technologies?,How has the reporting of the subjects evolved over time?,0.2520
3625,What are the guidelines for conducting high-quality empirical studies in Requirements Engineering?,How has the reporting of the context evolved over time?,0.2520
3626,How can the relevance and impact of empirical studies in Requirements Engineering be increased?,What is the proportion of each of the three levels of sophistication for theories from SE and RE?,0.2518
3627,How can empirical methods be used to evaluate the impact of new Requirements Engineering techniques?,How has the reporting of threats to validity evolved over time?,0.2518
3628,What are the common themes in the empirical literature on Requirements Engineering?,Have the authors done a systematic review of related work?,0.2518
3629,What mechanisms exist to facilitate industry-academia collaboration in empirical Requirements Engineering research?,How often are which empirical methods used?,0.2518
3630,What are the methods for triangulating data in empirical Requirements Engineering studies?,Do authors report that assumptions and limitations of statistical methods are met before using them?,0.2517
3631,How can the threats to internal and external validity be mitigated in empirical studies of Requirements Engineering?,Do the authors report the selected context of their study with specific characteristics?,0.2517
3632,How can empirical research in Requirements Engineering contribute to improving software development processes?,How has the use of standards to describe the theories incorporated evolved over time?,0.2517
3633,What are the key variables studied in empirical Requirements Engineering research?,How has the use of triangulation for research design evolved over time?,0.2517
3634,What criteria are used to evaluate the quality of empirical studies in Requirements Engineering?,How has the reporting of the context evolved over time?,0.2516
3635,How can empirical research in Requirements Engineering be used to support continuous improvement in software processes?,Do the authors report the selected context of their study with specific characteristics?,0.2516
3636,How can the reproducibility of empirical studies in Requirements Engineering be ensured?,How has comparing new approaches with relevant alternative approaches used in the industry evolved over time?,0.2516
3637,How can empirical research in Requirements Engineering address the challenge of generalizability?,Do the authors report the selected context of their study with specific characteristics?,0.2515
3638,How can industry feedback be systematically incorporated into empirical Requirements Engineering research?,How has the use of theories for a diverse and reflective generalization of study results evolved over time?,0.2515
3639,What are the key variables studied in empirical Requirements Engineering research?,"""Do the authors use standards to describe the theories incorporated (used, tested, modified, formulated)?""",0.2515
3640,What role do replications play in ensuring the robustness of empirical studies in Requirements Engineering?,How has comparing new approaches with relevant alternative approaches used in the industry evolved over time?,0.2515
3641,How can the scope of empirical studies in Requirements Engineering be systematically defined and reported?,How has the use of theories for a diverse and reflective generalization of study results evolved over time?,0.2514
3642,What role do replications play in ensuring the robustness of empirical studies in Requirements Engineering?,"""How has the proportion of theories from other disciplines, from other disciplines with adaptions for the SE (RE), and from SE (RE) itself evolved over time?""",0.2514
3643,What are the implications of heterogeneous interventions in empirical studies of Requirements Engineering?,"""How has building on previous research data and results, including from other disciplines, evolved over time?""",0.2514
3644,How has the use of empirical methods in Requirements Engineering evolved over time?,Do the authors exlain WHY their apporach is better than others in a selected context with specific characteristics?,0.2513
3645,What are the lessons learned from past empirical studies in Requirements Engineering?,How has the proportion of each of the three levels of sophistication for theories from SE and RE evolved over time?,0.2513
3646,What are the implications of heterogeneous interventions in empirical studies of Requirements Engineering?,How has the reporting of the context evolved over time?,0.2513
3647,How can biases be minimized in empirical studies of Requirements Engineering?,How has the reporting of threats to validity evolved over time?,0.2512
3648,How can empirical findings in Requirements Engineering be translated into best practices?,Do the authors exlain WHY their apporach is better than others in a selected context with specific characteristics?,0.2512
3649,How can empirical research in Requirements Engineering address the needs of global software development teams?,How has comparing new approaches with relevant alternative approaches used in the industry evolved over time?,0.2512
3650,What are the key success factors for empirical studies in Requirements Engineering?,How has the reporting of the subjects evolved over time?,0.2512
3651,How can empirical methods be used to evaluate software requirements specifications?,How has the proportion of pure demonstrations (proof of concept) and simple experience reports (lessons learned) evolved over time?,0.2511
3652,What are the future directions for empirical research in Requirements Engineering?,How has the use of standards to describe the theories incorporated evolved over time?,0.2511
3653,What is the role of empirical methods in advancing the state-of-the-art in Requirements Engineering?,How has the reporting of the setting evolved over time?,0.2509
3654,What are the guidelines for conducting high-quality empirical studies in Requirements Engineering?,How has the reporting of the objects of study / treatments evolved over time?,0.2509
3655,How can the threats to internal and external validity be mitigated in empirical studies of Requirements Engineering?,How has the proportion of empirical studies evolved over time?,0.2509
3656,How can the relevance and impact of empirical studies in Requirements Engineering be increased?,How has the use of power analysis and effect size estimation evolved over time?,0.2509
3657,What are the critical research gaps in the empirical study of Requirements Engineering?,How many different empirical methods are used per publication?,0.2508
3658,How can the constructs and variables used in empirical Requirements Engineering research be defined and operationalized?,How has the use of statistical methods evolved over time?,0.2508
3659,What are the methods for ensuring the transparency and reproducibility of empirical research in Requirements Engineering?,"""For which purpose do authors incorporate theories into their studies (use, testing, modification, formulation)?""",0.2508
3660,How can empirical methods be used to evaluate the impact of new Requirements Engineering techniques?,How has the reporting of the subjects evolved over time?,0.2507
3661,What are the standards for documenting and sharing empirical research data in Requirements Engineering?, How do the authors justify the lack of a proper study?,0.2507
3662,What are the best practices for conducting systematic reviews in empirical Requirements Engineering research?,How has the reporting of the setting evolved over time?,0.2507
3663,How can empirical research in Requirements Engineering address the needs of global software development teams?,Which methods are used to synthesize evidence from data of different empirical methods?,0.2507
3664,What criteria are used to evaluate the quality of empirical studies in Requirements Engineering?,How has the reporting of the subjects evolved over time?,0.2506
3665,What are the considerations for designing controlled experiments in Requirements Engineering?,How many different empirical methods are used per publication?,0.2506
3666,How can empirical research contribute to the development of standardized practices in Requirements Engineering?,How has the reporting of the context evolved over time?,0.2506
3667,How can the external validity of empirical studies in Requirements Engineering be enhanced?,Do the authors exlain WHEN their apporach is better than others in a selected context with specific characteristics?,0.2506
3668,What are the best practices for conducting systematic reviews in empirical Requirements Engineering research?,How many studies incorporate theories?,0.2505
3669,Which empirical methods are recommended for synthesizing evidence in Requirements Engineering?,Do the authors exlain HOW their apporach is better than others in a selected context with specific characteristics?,0.2504
3670,How can empirical findings in Requirements Engineering be validated through multiple studies and contexts?,How has the use of power analysis and effect size estimation evolved over time?,0.2504
3671,What is the role of empirical methods in advancing the state-of-the-art in Requirements Engineering?,How has the reporting of the objects of study / treatments evolved over time?,0.2504
3672,What are the criteria for assessing the credibility of empirical research findings in Requirements Engineering?,How has the proportion of each of the three levels of sophistication for theories from SE and RE evolved over time?,0.2504
3673,What are the critical success factors for industry-academia research collaborations in Requirements Engineering?,Do the authors report the selected context of their study with specific characteristics?,0.2503
3674,How can industry feedback be systematically incorporated into empirical Requirements Engineering research?,How has the reporting of the subjects evolved over time?,0.2503
3675,How can empirical studies in Requirements Engineering better address the needs of diverse stakeholders?,Do the authors use multiple digital libraries including publications from SE and RE and related disciplines for (systematic literature) reviews?,0.2503
3676,How can empirical research in Requirements Engineering be used to inform policy-making in software engineering?,How has the reporting of the context evolved over time?,0.2503
3677,What are the guidelines for conducting high-quality empirical studies in Requirements Engineering?,How has the reporting of the setting evolved over time?,0.2502
3678,How can empirical studies support the validation and refinement of Requirements Engineering theories?,Does the research design allow for efficient reuse of study (results) by other researchers?,0.2502
3679,How can industry feedback be systematically incorporated into empirical Requirements Engineering research?,How many different empirical methods are used per publication?,0.2502
3680,How can the relevance and impact of empirical studies in Requirements Engineering be increased?,How has the use of statistical methods evolved over time?,0.2502
3681,What are the considerations for designing controlled experiments in Requirements Engineering?,How has the use of conceptual and operational definitions for key constructs and variables evolved over time in empirical research in SE and RE?,0.2502
3682,What are the ethical considerations in conducting empirical research in Requirements Engineering?,"""Do the authors refer to and consistently use a basic terminology, descriptors, and keywords to identify and select primary studies for (systematic literature) reviews?""",0.2502
3683,What are the future directions for empirical research in Requirements Engineering?,How often are which statistical methods used?,0.2502
3684,How can empirical research support the development of more effective Requirements Elicitation techniques?,How often are which statistical methods used?,0.2501
3685,What are the major challenges in applying empirical methods to Requirements Engineering research?,How many studies incorporate theories?,0.2501
3686,What are the trends in the methodological approaches used in empirical Requirements Engineering research?,What is the proportion of each of the three levels of sophistication for theories from SE and RE?,0.2500
3687,How has the use of empirical methods in Requirements Engineering evolved over time?,Do the authors refer to a reference (website or systematic review) that systematizes and characterizes the theory incorporated?,0.2500
3688,What are the methods for synthesizing empirical evidence from diverse study designs in Requirements Engineering?,How often are those who conduct the studies also the authors of the papers?,0.2500
3689,How can empirical findings in Requirements Engineering be validated through multiple studies and contexts?,How has the proportion of each of the three levels of sophistication for theories from SE and RE evolved over time?,0.2500
3690,What methods are used to ensure the reliability and validity of empirical data in Requirements Engineering research?,How has the proportion of pure demonstrations (proof of concept) and simple experience reports (lessons learned) evolved over time?,0.2499
3691,What are the methods for triangulating data in empirical Requirements Engineering studies?,How has the reporting of the setting evolved over time?,0.2499
3692,What are the trends in the methodological approaches used in empirical Requirements Engineering research?,How has the reporting of threats to validity evolved over time?,0.2498
3693,What are the major challenges in applying empirical methods to Requirements Engineering research?,How has the proportion of pure demonstrations (proof of concept) and simple experience reports (lessons learned) evolved over time?,0.2497
3694,What are the methods for ensuring the transparency and reproducibility of empirical research in Requirements Engineering?,How has the use of statistical methods evolved over time?,0.2497
3695,How can empirical studies support the validation and refinement of Requirements Engineering theories?,How do the authors justify preventing bias in the study results?,0.2496
3696,What are the ethical considerations in conducting empirical research in Requirements Engineering?,How has the reporting of the tasks evolved over time?,0.2494
3697,How can empirical studies in Requirements Engineering better address the needs of diverse stakeholders?,Do the authors exlain WHEN their apporach is better than others in a selected context with specific characteristics?,0.2494
3698,What are the methods for triangulating data in empirical Requirements Engineering studies?,How has the use of standards to describe the theories incorporated evolved over time?,0.2494
3699,What are the methods for assessing the impact of empirical studies in Requirements Engineering on industry practices?,How has the incorporation of theories in studies evolved over time?,0.2493
3700,Which empirical methods are most commonly deployed in industry-academia collaborations in Requirements Engineering?,How has the reporting of the subjects evolved over time?,0.2492
3701,How can empirical evidence in Requirements Engineering inform decision-making processes in software engineering?,"""How has building on previous research data and results, including from other disciplines, evolved over time?""",0.2492
3702,How can empirical research in Requirements Engineering address the challenge of generalizability?,How has the proportion of pure demonstrations (proof of concept) and simple experience reports (lessons learned) evolved over time?,0.2492
3703,What are the implications of heterogeneous interventions in empirical studies of Requirements Engineering?,Which methods are used to synthesize evidence from data of different empirical methods?,0.2492
3704,What are the guidelines for conducting high-quality empirical studies in Requirements Engineering?,How has comparing new approaches with relevant alternative approaches used in the industry evolved over time?,0.2491
3705,What are the critical success factors for industry-academia research collaborations in Requirements Engineering?,How has the reporting of the tasks evolved over time?,0.2490
3706,How can empirical research in Requirements Engineering support the development of new tools and technologies?,How many studies incorporate theories?,0.2490
3707,How can empirical methods be used to evaluate software requirements specifications?,Do the authors use a well defined taxonomy for their research design?,0.2488
3708,How can biases be minimized in empirical studies of Requirements Engineering?,How often are which empirical methods used over time?,0.2488
3709,How can empirical methods guide the development of new SE technology in Requirements Engineering?,Do authors report that assumptions and limitations of statistical methods are met before using them?,0.2487
3710,How can empirical findings in Requirements Engineering be translated into best practices?,Does the research design allow for efficient reuse of study (results) by other researchers?,0.2487
3711,What are the ethical considerations in conducting empirical research in Requirements Engineering?,How has the use of standards to describe the theories incorporated evolved over time?,0.2487
3712,What are the methods for evaluating the reliability of empirical data in Requirements Engineering research?,How has the proportion of pure demonstrations (proof of concept) and simple experience reports (lessons learned) evolved over time?,0.2487
3713,What are the key challenges in synthesizing qualitative and quantitative data in Requirements Engineering research?,How has the reporting of the context evolved over time?,0.2487
3714,How can empirical research in Requirements Engineering be used to support continuous improvement in software processes?,"""How has building on previous research data and results, including from other disciplines, evolved over time?""",0.2485
3715,How can empirical methods be used to evaluate the impact of new Requirements Engineering techniques?,How has the proportion of each of the three levels of sophistication for theories from SE and RE evolved over time?,0.2484
3716,How can empirical methods guide the development of new SE technology in Requirements Engineering?,How has the use of theories for a diverse and reflective generalization of study results evolved over time?,0.2484
3717,How can empirical methods guide the development of new SE technology in Requirements Engineering?,How many publications are analyzed in (systematic literature) reviews?,0.2483
3718,How can the findings from empirical Requirements Engineering studies be synthesized and communicated to practitioners?,Which digital libraries with publications from SE and RE and related disciplines do authors use for (systematic literature) reviews?,0.2483
3719,What are the critical success factors for industry-academia research collaborations in Requirements Engineering?,Do the authors use (a common set of empirically derived) criteria to characterize the quality of secondary research and thus the overall strength of a body of evidence?,0.2483
3720,What are the major challenges in applying empirical methods to Requirements Engineering research?,Do the authors exlain WHY their apporach is better than others in a selected context with specific characteristics?,0.2483
3721,How can empirical research in Requirements Engineering support the development of industry-relevant guidelines and checklists?,How many theories from the SE and RE are there?,0.2482
3722,How can empirical research in Requirements Engineering benefit from interdisciplinary approaches?,Which digital libraries with publications from SE and RE and related disciplines do authors use for (systematic literature) reviews?,0.2481
3723,How can empirical research address the socio-technical aspects of Requirements Engineering?,Which digital libraries with publications from SE and RE and related disciplines do authors use for (systematic literature) reviews?,0.2481
3724,How can empirical research findings in Requirements Engineering be made more accessible to practitioners?,How do the authors justify preventing bias in the study results?,0.2481
3725,What are the lessons learned from past empirical studies in Requirements Engineering?,Do authors report that assumptions and limitations of statistical methods are met before using them?,0.2480
3726,How can empirical studies support the validation and refinement of Requirements Engineering theories?,How has the reporting of the objects of study / treatments evolved over time?,0.2479
3727,How can empirical data from multiple studies be effectively integrated in Requirements Engineering research?,How has the number of theories from SE and RE evolved over time?,0.2479
3728,What are the critical success factors for industry-academia research collaborations in Requirements Engineering?,Do the authors use multiple digital libraries including publications from SE and RE and related disciplines for (systematic literature) reviews?,0.2479
3729,What are the implications of empirical research for Requirements Engineering education and training?,How often are standards used to describe the theories incorporated?,0.2478
3730,How can the threats to internal and external validity be mitigated in empirical studies of Requirements Engineering?,"""For which purpose do authors incorporate theories into their studies (use, testing, modification, formulation)?""",0.2478
3731,How can the relevance and impact of empirical studies in Requirements Engineering be increased?,Do the authors exlain HOW their apporach is better than others in a selected context with specific characteristics?,0.2478
3732,What are the best practices for reporting empirical research findings in Requirements Engineering?,How do the authors justify preventing bias in the study results?,0.2477
3733,What are the methods for assessing the impact of empirical studies in Requirements Engineering on industry practices?,How has the use of statistical methods evolved over time?,0.2477
3734,How can the threats to internal and external validity be mitigated in empirical studies of Requirements Engineering?,How often are standards used to describe the theories incorporated?,0.2477
3735,How can empirical research in Requirements Engineering contribute to improving software development processes?,How has the incorporation of theories in studies evolved over time?,0.2477
3736,How can the constructs and variables used in empirical Requirements Engineering research be defined and operationalized?,How has the use of theories for a diverse and reflective generalization of study results evolved over time?,0.2477
3737,How can empirical findings in Requirements Engineering be translated into best practices?,How has the reporting of threats to validity evolved over time?,0.2477
3738,How can empirical findings in Requirements Engineering be validated through multiple studies and contexts?,"""What is the proportion of theories from other disciplines, from other disciplines with adaptions for the SE and RE, and from SE and RE itself?""",0.2476
3739,"How can empirical methods in Requirements Engineering be adapted to address complex, real-world problems?",How often are which statistical methods used?,0.2476
3740,How can the scope of empirical studies in Requirements Engineering be systematically defined and reported?,What types of threats to validity do the authors report?,0.2476
3741,How can empirical research in Requirements Engineering address the needs of global software development teams?,"""For which purpose do authors incorporate theories into their studies (use, testing, modification, formulation)?""",0.2476
3742,How can empirical research in Requirements Engineering support the development of new tools and technologies?,How has the use of theories for a diverse and reflective generalization of study results evolved over time?,0.2475
3743,"How can empirical methods in Requirements Engineering be adapted to address complex, real-world problems?",How has the use of (a common set of empirically derived) criteria to characterize the quality of secondary research and thus the overall strength of a body of evidence evolved over time?,0.2475
3744,How can empirical research address the socio-technical aspects of Requirements Engineering?,How has the reporting of threats to validity evolved over time?,0.2475
3745,How can empirical findings in Requirements Engineering be translated into best practices?,How has the reporting of the subjects evolved over time?,0.2474
3746,What are the common themes in the empirical literature on Requirements Engineering?,Do the authors use (a common set of empirically derived) criteria to characterize the quality of secondary research and thus the overall strength of a body of evidence?,0.2474
3747,What are the implications of empirical research for the future of Requirements Engineering as a discipline?,How has the use of standards to describe the theories incorporated evolved over time?,0.2473
3748,What are the critical research gaps in the empirical study of Requirements Engineering?,"""Do the authors use standards to describe the theories incorporated (used, tested, modified, formulated)?""",0.2473
3749,How can the relevance and impact of empirical studies in Requirements Engineering be increased?,Do the authors exlain WHY their apporach is better than others in a selected context with specific characteristics?,0.2473
3750,How can the external validity of empirical studies in Requirements Engineering be enhanced?,"""What is the proportion of theories from other disciplines, from other disciplines with adaptions for the SE and RE, and from SE and RE itself?""",0.2472
3751,What are the implications of empirical research for Requirements Engineering education and training?,How has the use of triangulation for research design evolved over time?,0.2472
3752,What are the methods for synthesizing empirical evidence from diverse study designs in Requirements Engineering?,Do the authors exlain WHY their apporach is better than others in a selected context with specific characteristics?,0.2471
3753,How can the threats to internal and external validity be mitigated in empirical studies of Requirements Engineering?,"""Do the authors use standards to describe the theories incorporated (used, tested, modified, formulated)?""",0.2470
3754,How can empirical research in Requirements Engineering be used to inform policy-making in software engineering?,How has the reporting of the setting evolved over time?,0.2470
3755,What are the implications of empirical research for the future of Requirements Engineering as a discipline?, How do the authors justify the lack of a proper study?,0.2470
3756,What criteria are used to evaluate the quality of empirical studies in Requirements Engineering?,Which digital libraries with publications from SE and RE and related disciplines do authors use for (systematic literature) reviews?,0.2470
3757,How can empirical research support the development of more effective Requirements Elicitation techniques?,How many studies incorporate theories?,0.2469
3758,What is the role of empirical methods in advancing the state-of-the-art in Requirements Engineering?,"""How has building on previous research data and results, including from other disciplines, evolved over time?""",0.2469
3759,What are the primary research questions addressed by empirical methods in Requirements Engineering studies?,How has the use of power analysis and effect size estimation evolved over time?,0.2469
3760,What are the standards for documenting and sharing empirical research data in Requirements Engineering?,How has the use of theories for a diverse and reflective generalization of study results evolved over time?,0.2469
3761,How can empirical research findings in Requirements Engineering be made more accessible to practitioners?,Do the authors use multiple digital libraries including publications from SE and RE and related disciplines for (systematic literature) reviews?,0.2468
3762,How can empirical research findings in Requirements Engineering be made more accessible to practitioners?,How has the incorporation of theories in studies evolved over time?,0.2468
3763,How can the findings from empirical Requirements Engineering studies be synthesized and communicated to practitioners?,Do the authors exlain HOW their apporach is better than others in a selected context with specific characteristics?,0.2468
3764,What criteria are used to evaluate the quality of empirical studies in Requirements Engineering?,How has the use of theories for a diverse and reflective generalization of study results evolved over time?,0.2467
3765,What are the key variables studied in empirical Requirements Engineering research?,What is the proportion of each of the three levels of sophistication for theories from SE and RE?,0.2467
3766,How can empirical research support the development of more effective Requirements Elicitation techniques?,How has the use of standards to describe the theories incorporated evolved over time?,0.2467
3767,How can industry feedback be systematically incorporated into empirical Requirements Engineering research?,Does the research design allow for efficient reuse of study (results) by other researchers?,0.2466
3768,What is the role of empirical methods in advancing the state-of-the-art in Requirements Engineering?,"""How up-to-date (and relevant) are reported (systematic) reviews, so-called secondary research?""",0.2466
3769,How can empirical research in Requirements Engineering be used to inform policy-making in software engineering?,Do the authors refer to a reference (website or systematic review) that systematizes and characterizes the theory incorporated?,0.2465
3770,What methods are used to ensure the reliability and validity of empirical data in Requirements Engineering research?,Do the authors exlain HOW their apporach is better than others in a selected context with specific characteristics?,0.2464
3771,How has the use of empirical methods in Requirements Engineering evolved over time?,Do the authors exlain HOW their apporach is better than others in a selected context with specific characteristics?,0.2463
3772,What are the considerations for designing controlled experiments in Requirements Engineering?,How have the proportions of case studies and action research in the empirical methods used evolved over time?,0.2463
3773,How can the use of empirical methods in Requirements Engineering research be improved?,Do the authors refer to a reference (website or systematic review) that systematizes and characterizes the theory incorporated?,0.2463
3774,How can the threats to internal and external validity be mitigated in empirical studies of Requirements Engineering?, How do the authors justify the lack of a proper study?,0.2463
3775,How can empirical research in Requirements Engineering be used to inform policy-making in software engineering?,How often are which statistical methods used?,0.2462
3776,What are the methods for conducting effective surveys in Requirements Engineering research?,How often are those who conduct the studies also the authors of the papers?,0.2462
3777,What are the methods for triangulating data in empirical Requirements Engineering studies?,"""How up-to-date (and relevant) are reported (systematic) reviews, so-called secondary research?""",0.2462
3778,How can biases be minimized in empirical studies of Requirements Engineering?,"""How has building on previous research data and results, including from other disciplines, evolved over time?""",0.2462
3779,What are the common challenges encountered in conducting empirical case studies in Requirements Engineering?,How has the proportion of pure demonstrations (proof of concept) and simple experience reports (lessons learned) evolved over time?,0.2460
3780,How can empirical research address the socio-technical aspects of Requirements Engineering?,"""On which levels of sophistication are the theories from SE and RE? (level 1, level 2, or level 3 defined in Sjøberg et al. [1])""",0.2460
3781,How can the scope of empirical studies in Requirements Engineering be systematically defined and reported?,How often are which statistical methods used?,0.2460
3782,What are the key challenges in synthesizing qualitative and quantitative data in Requirements Engineering research?,How has the use of theories for a diverse and reflective generalization of study results evolved over time?,0.2459
3783,How can empirical methods be used to evaluate the impact of new Requirements Engineering techniques?,Have the authors done a systematic review of related work?,0.2459
3784,What are the methods for triangulating data in empirical Requirements Engineering studies?,Does the research design allow for efficient reuse of study (results) by other researchers?,0.2459
3785,How can empirical findings in Requirements Engineering be translated into best practices?,What types of threats to validity do the authors report?,0.2458
3786,How can empirical evidence in Requirements Engineering inform decision-making processes in software engineering?,How has the reporting of the subjects evolved over time?,0.2458
3787,What are the primary research questions addressed by empirical methods in Requirements Engineering studies?,How has the proportion of each of the three levels of sophistication for theories from SE and RE evolved over time?,0.2457
3788,How can empirical evidence in Requirements Engineering inform decision-making processes in software engineering?,How often are which statistical methods used?,0.2457
3789,What are the critical success factors for industry-academia research collaborations in Requirements Engineering?,Does the research design allow for efficient reuse of study (results) by other researchers?,0.2456
3790,What are the common themes in the empirical literature on Requirements Engineering?,How has the use of theories for a diverse and reflective generalization of study results evolved over time?,0.2456
3791,How can the use of empirical methods in Requirements Engineering research be improved?,How many studies incorporate theories?,0.2455
3792,Which empirical methods are most commonly deployed in industry-academia collaborations in Requirements Engineering?,How many theories from the SE and RE are there?,0.2455
3793,How can biases be minimized in empirical studies of Requirements Engineering?, How do the authors justify the lack of a proper study?,0.2455
3794,How can empirical research in Requirements Engineering be used to inform policy-making in software engineering?,How has the use of statistical methods evolved over time?,0.2455
3795,How can the constructs and variables used in empirical Requirements Engineering research be defined and operationalized?,How has the reporting of research questions and answers evolved over time?,0.2453
3796,How can the findings from empirical Requirements Engineering studies be synthesized and communicated to practitioners?,What is the proportion of each of the three levels of sophistication for theories from SE and RE?,0.2453
3797,What are the methods for ensuring the transparency and reproducibility of empirical research in Requirements Engineering?,How often are which statistical methods used?,0.2453
3798,How can the reproducibility of empirical studies in Requirements Engineering be ensured?,What is the proportion of each of the three levels of sophistication for theories from SE and RE?,0.2453
3799,How can the scope of empirical studies in Requirements Engineering be systematically defined and reported?,How has the use of power analysis and effect size estimation evolved over time?,0.2452
3800,Which empirical methods are most commonly deployed in industry-academia collaborations in Requirements Engineering?,How has the number of theories from SE and RE evolved over time?,0.2452
3801,How can empirical research in Requirements Engineering benefit from interdisciplinary approaches?,Do the authors refer to a reference (website or systematic review) that systematizes and characterizes the theory incorporated?,0.2451
3802,How can the findings from empirical Requirements Engineering studies be synthesized and communicated to practitioners?,How many studies incorporate theories?,0.2451
3803,What are the critical success factors for industry-academia research collaborations in Requirements Engineering?,How many studies incorporate theories?,0.2451
3804,What are the primary research questions addressed by empirical methods in Requirements Engineering studies?,How has the reporting of the subjects evolved over time?,0.2450
3805,How can the relevance and impact of empirical studies in Requirements Engineering be increased?,How has the number of theories from SE and RE evolved over time?,0.2450
3806,What are the best practices for designing and conducting action research in Requirements Engineering?,How often are standards used to describe the theories incorporated?,0.2449
3807,What are the methods for evaluating the reliability of empirical data in Requirements Engineering research?,How has the reporting of the setting evolved over time?,0.2449
3808,What role do replications play in ensuring the robustness of empirical studies in Requirements Engineering?,Which digital libraries with publications from SE and RE and related disciplines do authors use for (systematic literature) reviews?,0.2449
3809,"In what ways can empirical research methods be integrated into software engineering education, specifically for Requirements Engineering?","""Do the authors synthesize and present the results as checklists or guidelines applicable for industrial users, such as policy-makers, practitioners, and the general public?""",0.2449
3810,How can empirical research in Requirements Engineering support the development of new tools and technologies?,How has the number of theories from SE and RE evolved over time?,0.2448
3811,What are the criteria for selecting appropriate empirical methods for specific research questions in Requirements Engineering?,How has the reporting of the tasks evolved over time?,0.2448
3812,What are the implications of empirical research for the future of Requirements Engineering as a discipline?,Have the authors done a systematic review of related work?,0.2448
3813,How can the relevance and impact of empirical studies in Requirements Engineering be increased?,Do authors report that assumptions and limitations of statistical methods are met before using them?,0.2448
3814,What are the methods for evaluating the reliability of empirical data in Requirements Engineering research?,"""Do the authors use standards to describe the theories incorporated (used, tested, modified, formulated)?""",0.2448
3815,How can empirical methods be used to study the effectiveness of Requirements Management practices?,"""For which purpose do authors incorporate theories into their studies (use, testing, modification, formulation)?""",0.2447
3816,How can the use of empirical methods in Requirements Engineering research be improved?,Do the authors exlain WHEN their apporach is better than others in a selected context with specific characteristics?,0.2447
3817,What criteria are used to evaluate the quality of empirical studies in Requirements Engineering?,"""How has building on previous research data and results, including from other disciplines, evolved over time?""",0.2445
3818,How can the effectiveness of empirical methods in Requirements Engineering be assessed?,"""How up-to-date (and relevant) are reported (systematic) reviews, so-called secondary research?""",0.2445
3819,What are the implications of heterogeneous interventions in empirical studies of Requirements Engineering?,Do authors report that assumptions and limitations of statistical methods are met before using them?,0.2444
3820,What are the implications of heterogeneous interventions in empirical studies of Requirements Engineering?,How many different empirical methods are used per publication?,0.2444
3821,How can empirical studies in Requirements Engineering better address the needs of diverse stakeholders?,How many studies incorporate theories?,0.2444
3822,How can empirical research in Requirements Engineering support the development of new tools and technologies?,Do the authors use other channels to publish their results for making them available to industrial users?,0.2444
3823,What are the common challenges encountered in conducting empirical case studies in Requirements Engineering?,How has the reporting of the subjects evolved over time?,0.2443
3824,How do empirical studies in Requirements Engineering integrate quantitative and qualitative approaches?,How has the reporting of the context evolved over time?,0.2443
3825,What are the implications of empirical research for the future of Requirements Engineering as a discipline?,How often are standards used to describe the theories incorporated?,0.2443
3826,How can empirical research address the socio-technical aspects of Requirements Engineering?,Do the authors exlain HOW their apporach is better than others in a selected context with specific characteristics?,0.2442
3827,What are the methods for synthesizing empirical evidence from diverse study designs in Requirements Engineering?,How has the use of power analysis and effect size estimation evolved over time?,0.2441
3828,What are the core empirical methods used in Requirements Engineering research?,What is the proportion of each of the three levels of sophistication for theories from SE and RE?,0.2441
3829,What are the common challenges encountered in conducting empirical case studies in Requirements Engineering?, How do the authors justify the lack of a proper study?,0.2441
3830,How can the constructs and variables used in empirical Requirements Engineering research be defined and operationalized?,How has the reporting of the context evolved over time?,0.2440
3831,How can the constructs and variables used in empirical Requirements Engineering research be defined and operationalized?,How has the reporting of the objects of study / treatments evolved over time?,0.2439
3832,How can the findings from empirical Requirements Engineering studies be synthesized and communicated to practitioners?,Do authors report that assumptions and limitations of statistical methods are met before using them?,0.2437
3833,How can empirical research address the socio-technical aspects of Requirements Engineering?,How has the number of theories from SE and RE evolved over time?,0.2435
3834,How can empirical methods be used to study the effectiveness of Requirements Management practices?,How has the reporting of the subjects evolved over time?,0.2435
3835,How can biases be minimized in empirical studies of Requirements Engineering?,How many publications are analyzed in (systematic literature) reviews?,0.2435
3836,What mechanisms exist to facilitate industry-academia collaboration in empirical Requirements Engineering research?,"""Do the authors use standards to describe the theories incorporated (used, tested, modified, formulated)?""",0.2434
3837,How can empirical studies in Requirements Engineering better address the needs of diverse stakeholders?,How often are which empirical methods used over time?,0.2434
3838,What are the implications of empirical research for Requirements Engineering education and training?,How has the reporting of the subjects evolved over time?,0.2433
3839,How do empirical studies in Requirements Engineering integrate quantitative and qualitative approaches?,"""How has building on previous research data and results, including from other disciplines, evolved over time?""",0.2433
3840,What are the critical success factors for industry-academia research collaborations in Requirements Engineering?,"""How up-to-date (and relevant) are reported (systematic) reviews, so-called secondary research?""",0.2432
3841,How can empirical methods guide the development of new SE technology in Requirements Engineering?,"""For which purpose do authors incorporate theories into their studies (use, testing, modification, formulation)?""",0.2432
3842,What are the critical success factors for industry-academia research collaborations in Requirements Engineering?,How has the use of (a common set of empirically derived) criteria to assess the quality of individual studies evolved over time?,0.2432
3843,What are the considerations for designing controlled experiments in Requirements Engineering?,How do the authors justify preventing bias in the study results?,0.2432
3844,What are the common challenges encountered in conducting empirical case studies in Requirements Engineering?,How has the reporting of the context evolved over time?,0.2431
3845,How can empirical studies support the validation and refinement of Requirements Engineering theories?,Do the authors exlain HOW their apporach is better than others in a selected context with specific characteristics?,0.2430
3846,What are the key success factors for empirical studies in Requirements Engineering?,How has the reporting of the setting evolved over time?,0.2430
3847,How can empirical methods guide the development of new SE technology in Requirements Engineering?,How has the proportion of pure demonstrations (proof of concept) and simple experience reports (lessons learned) evolved over time?,0.2430
3848,What are the methods for synthesizing empirical evidence from diverse study designs in Requirements Engineering?,What types of threats to validity do the authors report?,0.2430
3849,Which empirical methods are recommended for synthesizing evidence in Requirements Engineering?,How has the reporting of the setting evolved over time?,0.2429
3850,How can empirical studies in Requirements Engineering better address the needs of diverse stakeholders?,How has the reporting of threats to validity evolved over time?,0.2429
3851,What are the criteria for assessing the credibility of empirical research findings in Requirements Engineering?,How often are which statistical methods used?,0.2429
3852,What are the trends in the methodological approaches used in empirical Requirements Engineering research?,How often are those who conduct the studies also the authors of the papers?,0.2428
3853,What are the standards for documenting and sharing empirical research data in Requirements Engineering?,How has the proportion of pure demonstrations (proof of concept) and simple experience reports (lessons learned) evolved over time?,0.2428
3854,What are the key success factors for empirical studies in Requirements Engineering?,How has the proportion of each of the three levels of sophistication for theories from SE and RE evolved over time?,0.2428
3855,What are the primary research questions addressed by empirical methods in Requirements Engineering studies?,How has the proportion of pure demonstrations (proof of concept) and simple experience reports (lessons learned) evolved over time?,0.2428
3856,What are the methods for evaluating the reliability of empirical data in Requirements Engineering research?,Do the authors use multiple digital libraries including publications from SE and RE and related disciplines for (systematic literature) reviews?,0.2427
3857,What are the methods for evaluating the reliability of empirical data in Requirements Engineering research?,How has comparing new approaches with relevant alternative approaches used in the industry evolved over time?,0.2427
3858,How can empirical research support the development of more effective Requirements Elicitation techniques?,Have the authors done a systematic review of related work?,0.2427
3859,How can the scope of empirical studies in Requirements Engineering be systematically defined and reported?,What is the proportion of each of the three levels of sophistication for theories from SE and RE?,0.2427
3860,How can empirical research in Requirements Engineering benefit from interdisciplinary approaches?,How has the use of standards to describe the theories incorporated evolved over time?,0.2426
3861,What are the criteria for assessing the credibility of empirical research findings in Requirements Engineering?,Does the research design allow for efficient reuse of study (results) by other researchers?,0.2426
3862,What are the future directions for empirical research in Requirements Engineering?,How has the reporting of the subjects evolved over time?,0.2426
3863,How can empirical research in Requirements Engineering address the needs of global software development teams?,Do the authors synthesize and present the results as checklists or guidelines applicable for industrial users?,0.2426
3864,What are the implications of heterogeneous interventions in empirical studies of Requirements Engineering?,Do the authors exlain WHEN their apporach is better than others in a selected context with specific characteristics?,0.2426
3865,How can empirical methods be used to evaluate software requirements specifications?,Do the authors exlain HOW their apporach is better than others in a selected context with specific characteristics?,0.2425
3866,How can empirical research in Requirements Engineering address the challenge of generalizability?,How has the proportion of each of the three levels of sophistication for theories from SE and RE evolved over time?,0.2425
3867,How can the findings from empirical Requirements Engineering studies be synthesized and communicated to practitioners?,What types of threats to validity do the authors report?,0.2425
3868,What are the common themes in the empirical literature on Requirements Engineering?,"""On which levels of sophistication are the theories from SE and RE? (level 1, level 2, or level 3 defined in Sjøberg et al. [1])""",0.2423
3869,How can empirical methods be used to evaluate software requirements specifications?,How has the use of power analysis and effect size estimation evolved over time?,0.2423
3870,What are the critical success factors for industry-academia research collaborations in Requirements Engineering?,"""Do electronic resources (digital libraries and databases) provide all the functionalies that support the identification, selection, and retrieval of bibliographic and full-text information about SE research?""",0.2422
3871,How can the external validity of empirical studies in Requirements Engineering be enhanced?,"""How has the proportion of theories from other disciplines, from other disciplines with adaptions for the SE (RE), and from SE (RE) itself evolved over time?""",0.2422
3872,How can empirical research in Requirements Engineering benefit from interdisciplinary approaches?,How has the reporting of the subjects evolved over time?,0.2421
3873,What are the key variables studied in empirical Requirements Engineering research?,"""On which levels of sophistication are the theories from SE and RE? (level 1, level 2, or level 3 defined in Sjøberg et al. [1])""",0.2420
3874,What are the future directions for empirical research in Requirements Engineering?,Which digital libraries with publications from SE and RE and related disciplines do authors use for (systematic literature) reviews?,0.2418
3875,What are the methods for evaluating the reliability of empirical data in Requirements Engineering research?,How has the use of standards to describe the theories incorporated evolved over time?,0.2418
3876,How can biases be minimized in empirical studies of Requirements Engineering?,"""How has the proportion of theories from other disciplines, from other disciplines with adaptions for the SE (RE), and from SE (RE) itself evolved over time?""",0.2417
3877,How can empirical studies in Requirements Engineering be made more rigorous and impactful?,How has the number of theories from SE and RE evolved over time?,0.2417
3878,"In what ways can empirical research methods be integrated into software engineering education, specifically for Requirements Engineering?","""How has building on previous research data and results, including from other disciplines, evolved over time?""",0.2417
3879,What are the common challenges encountered in conducting empirical case studies in Requirements Engineering?,"""How has building on previous research data and results, including from other disciplines, evolved over time?""",0.2416
3880,How can industry feedback be systematically incorporated into empirical Requirements Engineering research?,Which digital libraries with publications from SE and RE and related disciplines do authors use for (systematic literature) reviews?,0.2416
3881,What are the primary research questions addressed by empirical methods in Requirements Engineering studies?,What types of threats to validity do the authors report?,0.2416
3882,How can empirical data from multiple studies be effectively integrated in Requirements Engineering research?,Do the authors exlain HOW their apporach is better than others in a selected context with specific characteristics?,0.2416
3883,What methods are used to ensure the reliability and validity of empirical data in Requirements Engineering research?,Does the research design allow for efficient reuse of study (results) by other researchers?,0.2416
3884,How has the use of empirical methods in Requirements Engineering evolved over time?,"""Do the authors refer to and consistently use a basic terminology, descriptors, and keywords to identify and select primary studies for (systematic literature) reviews?""",0.2416
3885,How can empirical research in Requirements Engineering benefit from interdisciplinary approaches?,How often are which statistical methods used?,0.2415
3886,What are the methods for conducting effective surveys in Requirements Engineering research?,How has the use of theories for a diverse and reflective generalization of study results evolved over time?,0.2413
3887,How can the scope of empirical studies in Requirements Engineering be systematically defined and reported?,Does the research design allow for efficient reuse of study (results) by other researchers?,0.2413
3888,What are the primary research questions addressed by empirical methods in Requirements Engineering studies?,Does the research design allow for efficient reuse of study (results) by other researchers?,0.2413
3889,What are the implications of empirical research for the future of Requirements Engineering as a discipline?,How has the reporting of the subjects evolved over time?,0.2412
3890,What are the critical research gaps in the empirical study of Requirements Engineering?,How often are which empirical methods used over time?,0.2412
3891,How can the threats to internal and external validity be mitigated in empirical studies of Requirements Engineering?,How has the number of empirical methods used per publication evolved over time?,0.2412
3892,How can empirical research in Requirements Engineering be used to inform policy-making in software engineering?,How many studies incorporate theories?,0.2412
3893,How can empirical findings in Requirements Engineering be validated through multiple studies and contexts?,How has the use of statistical methods evolved over time?,0.2412
3894,What are the core empirical methods used in Requirements Engineering research?,Do the authors exlain WHEN their apporach is better than others in a selected context with specific characteristics?,0.2412
3895,How can empirical research support the development of more effective Requirements Elicitation techniques?, How do the authors justify the lack of a proper study?,0.2412
3896,How can the use of empirical methods in Requirements Engineering research be improved?,How has the reporting of the subjects evolved over time?,0.2411
3897,How can empirical research findings in Requirements Engineering be made more accessible to practitioners?,How many studies incorporate theories?,0.2411
3898,What are the key variables studied in empirical Requirements Engineering research?,How has comparing new approaches with relevant alternative approaches used in the industry evolved over time?,0.2411
3899,What are the criteria for assessing the credibility of empirical research findings in Requirements Engineering?,Do the authors exlain WHY their apporach is better than others in a selected context with specific characteristics?,0.2410
3900,What are the implications of heterogeneous interventions in empirical studies of Requirements Engineering?,How often are which empirical methods used over time?,0.2410
3901,What role do replications play in ensuring the robustness of empirical studies in Requirements Engineering?,How has the proportion of each of the three levels of sophistication for theories from SE and RE evolved over time?,0.2410
3902,How can the scope of empirical studies in Requirements Engineering be systematically defined and reported?,How has the incorporation of theories in studies evolved over time?,0.2409
3903,How can empirical research in Requirements Engineering benefit from interdisciplinary approaches?,Do authors report that assumptions and limitations of statistical methods are met before using them?,0.2409
3904,How can empirical research in Requirements Engineering contribute to theory building?,How has the reporting of the setting evolved over time?,0.2408
3905,What are the implications of empirical research for the future of Requirements Engineering as a discipline?,How has the use of theories for a diverse and reflective generalization of study results evolved over time?,0.2408
3906,How can empirical research address the socio-technical aspects of Requirements Engineering?,How often are which statistical methods used?,0.2406
3907,How can the scope of empirical studies in Requirements Engineering be systematically defined and reported?,How has the proportion of pure demonstrations (proof of concept) and simple experience reports (lessons learned) evolved over time?,0.2405
3908,What are the implications of empirical research for Requirements Engineering education and training?,Have the authors done a systematic review of related work?,0.2405
3909,How can empirical research address the socio-technical aspects of Requirements Engineering?,Do authors report that assumptions and limitations of statistical methods are met before using them?,0.2405
3910,How can empirical findings in Requirements Engineering be validated through multiple studies and contexts?,How often are those who conduct the studies also the authors of the papers?,0.2404
3911,What are the methods for conducting effective surveys in Requirements Engineering research?,How has the reporting of the setting evolved over time?,0.2404
3912,How can empirical research in Requirements Engineering support the development of industry-relevant guidelines and checklists?,What is the proportion of each of the three levels of sophistication for theories from SE and RE?,0.2404
3913,How can biases be minimized in empirical studies of Requirements Engineering?,"""How has the provision of data (the materials used, raw data collected, and study results identified) evolved over time?""",0.2403
3914,How can empirical research address the socio-technical aspects of Requirements Engineering?,How has the use of language (academic vs. plain) in scientific publications evolved over time?,0.2403
3915,How can empirical methods be used to study the effectiveness of Requirements Management practices?,"""How has the provision of data (the materials used, raw data collected, and study results identified) evolved over time?""",0.2401
3916,How can empirical research in Requirements Engineering address the challenge of generalizability?,Do authors report that assumptions and limitations of statistical methods are met before using them?,0.2401
3917,What are the implications of empirical research for the future of Requirements Engineering as a discipline?,How has the reporting of the objects of study / treatments evolved over time?,0.2401
3918,How can the effectiveness of empirical methods in Requirements Engineering be assessed?,How has the use of triangulation for research design evolved over time?,0.2401
3919,What are the critical research gaps in the empirical study of Requirements Engineering?,Do the authors refer to a reference (website or systematic review) that systematizes and characterizes the theory incorporated?,0.2400
3920,How can empirical research in Requirements Engineering contribute to theory building?,"""Do the authors refer to and consistently use a basic terminology, descriptors, and keywords to identify and select primary studies for (systematic literature) reviews?""",0.2400
3921,How can empirical data from multiple studies be effectively integrated in Requirements Engineering research?,Do the authors refer to a reference (website or systematic review) that systematizes and characterizes the theory incorporated?,0.2399
3922,How can the reproducibility of empirical studies in Requirements Engineering be ensured?,Do the authors use multiple digital libraries including publications from SE and RE and related disciplines for (systematic literature) reviews?,0.2399
3923,What mechanisms exist to facilitate industry-academia collaboration in empirical Requirements Engineering research?,How has the use of theories for a diverse and reflective generalization of study results evolved over time?,0.2399
3924,How can empirical methods guide the development of new SE technology in Requirements Engineering?,How has the incorporation of theories in studies evolved over time?,0.2398
3925,What are the methods for ensuring the transparency and reproducibility of empirical research in Requirements Engineering?,How many studies incorporate theories?,0.2398
3926,What are the methods for ensuring the transparency and reproducibility of empirical research in Requirements Engineering?,Do the authors use multiple digital libraries including publications from SE and RE and related disciplines for (systematic literature) reviews?,0.2397
3927,What are the criteria for assessing the credibility of empirical research findings in Requirements Engineering?,"""Do electronic resources (digital libraries and databases) provide all the functionalies that support the identification, selection, and retrieval of bibliographic and full-text information about SE research?""",0.2397
3928,What are the guidelines for conducting high-quality empirical studies in Requirements Engineering?,How has the use of triangulation for research design evolved over time?,0.2396
3929,How can empirical findings in Requirements Engineering be validated through multiple studies and contexts?,"""How has the proportion of theories from other disciplines, from other disciplines with adaptions for the SE (RE), and from SE (RE) itself evolved over time?""",0.2395
3930,What are the key variables studied in empirical Requirements Engineering research?,"""Do the authors refer to and consistently use a basic terminology, descriptors, and keywords to identify and select primary studies for (systematic literature) reviews?""",0.2394
3931,What are the implications of empirical research for Requirements Engineering education and training?,How has the use of standards to describe the theories incorporated evolved over time?,0.2394
3932,What are the future directions for empirical research in Requirements Engineering?,"""Do the authors refer to and consistently use a basic terminology, descriptors, and keywords to identify and select primary studies for (systematic literature) reviews?""",0.2393
3933,How can empirical research address the socio-technical aspects of Requirements Engineering?,Do the authors use other channels to publish their results for making them available to industrial users?,0.2392
3934,What are the core empirical methods used in Requirements Engineering research?, How do the authors justify the lack of a proper study?,0.2391
3935,What are the key success factors for empirical studies in Requirements Engineering?,How has the incorporation of theories in studies evolved over time?,0.2391
3936,How can the effectiveness of empirical methods in Requirements Engineering be assessed?,How has the reporting of the context evolved over time?,0.2390
3937,What are the best practices for designing and conducting action research in Requirements Engineering?,"""Do the authors refer to and consistently use a basic terminology, descriptors, and keywords to identify and select primary studies for (systematic literature) reviews?""",0.2389
3938,What mechanisms exist to facilitate industry-academia collaboration in empirical Requirements Engineering research?,How has the reporting of the objects of study / treatments evolved over time?,0.2389
3939,How can empirical research in Requirements Engineering be used to inform policy-making in software engineering?, How do the authors justify the lack of a proper study?,0.2388
3940,What criteria are used to evaluate the quality of empirical studies in Requirements Engineering?,How has the use of power analysis and effect size estimation evolved over time?,0.2386
3941,What criteria are used to evaluate the quality of empirical studies in Requirements Engineering?,What is the proportion of each of the three levels of sophistication for theories from SE and RE?,0.2385
3942,What are the primary research questions addressed by empirical methods in Requirements Engineering studies?,"""Do electronic resources (digital libraries and databases) provide all the functionalies that support the identification, selection, and retrieval of bibliographic and full-text information about SE research?""",0.2385
3943,What are the criteria for assessing the credibility of empirical research findings in Requirements Engineering?,How has comparing new approaches with relevant alternative approaches used in the industry evolved over time?,0.2385
3944,How can the use of empirical methods in Requirements Engineering research be improved?,What is the proportion of each of the three levels of sophistication for theories from SE and RE?,0.2383
3945,How can empirical research in Requirements Engineering contribute to theory building?,How has the use of power analysis and effect size estimation evolved over time?,0.2382
3946,How can biases be minimized in empirical studies of Requirements Engineering?,"""What is the proportion of theories from other disciplines, from other disciplines with adaptions for the SE and RE, and from SE and RE itself?""",0.2381
3947,What are the common themes in the empirical literature on Requirements Engineering?,What is the proportion of each of the three levels of sophistication for theories from SE and RE?,0.2381
3948,Which empirical methods are recommended for synthesizing evidence in Requirements Engineering?,"""How has the proportion of theories from other disciplines, from other disciplines with adaptions for the SE (RE), and from SE (RE) itself evolved over time?""",0.2380
3949,How can empirical research in Requirements Engineering address the needs of global software development teams?,Does the research design allow for efficient reuse of study (results) by other researchers?,0.2379
3950,How can empirical research in Requirements Engineering be used to support continuous improvement in software processes?,"""Do the authors synthesize and present the results as checklists or guidelines applicable for industrial users, such as policy-makers, practitioners, and the general public?""",0.2379
3951,How can empirical research findings in Requirements Engineering be made more accessible to practitioners?,How has the number of theories from SE and RE evolved over time?,0.2379
3952,What are the implications of empirical research for the future of Requirements Engineering as a discipline?,Does the research design allow for efficient reuse of study (results) by other researchers?,0.2379
3953,What mechanisms exist to facilitate industry-academia collaboration in empirical Requirements Engineering research?,How has the use of standards to describe the theories incorporated evolved over time?,0.2379
3954,How can empirical research contribute to the development of standardized practices in Requirements Engineering?,How has the use of language (academic vs. plain) in scientific publications evolved over time?,0.2378
3955,How can the constructs and variables used in empirical Requirements Engineering research be defined and operationalized?,How has the reporting of the setting evolved over time?,0.2377
3956,How can biases be minimized in empirical studies of Requirements Engineering?,"""For which purpose do authors incorporate theories into their studies (use, testing, modification, formulation)?""",0.2377
3957,What are the considerations for designing controlled experiments in Requirements Engineering?,Do the authors use (a common set of empirically derived) criteria to assess the quality of individual studies?,0.2377
3958,How can empirical findings in Requirements Engineering be translated into best practices?,Do the authors exlain WHEN their apporach is better than others in a selected context with specific characteristics?,0.2377
3959,How can empirical studies support the validation and refinement of Requirements Engineering theories?,Do the authors exlain WHY their apporach is better than others in a selected context with specific characteristics?,0.2376
3960,What are the implications of empirical research for Requirements Engineering education and training?,How many publications are analyzed in (systematic literature) reviews?,0.2376
3961,What are the standards for documenting and sharing empirical research data in Requirements Engineering?,How many studies incorporate theories?,0.2376
3962,How can the threats to internal and external validity be mitigated in empirical studies of Requirements Engineering?,How has the use of triangulation for research design evolved over time?,0.2375
3963,How can industry feedback be systematically incorporated into empirical Requirements Engineering research?,How often are which empirical methods used over time?,0.2375
3964,What are the implications of heterogeneous interventions in empirical studies of Requirements Engineering?,How has the reporting of research questions and answers evolved over time?,0.2374
3965,How can empirical research in Requirements Engineering benefit from interdisciplinary approaches?,How often are standards used to describe the theories incorporated?,0.2374
3966,What are the methods for synthesizing empirical evidence from diverse study designs in Requirements Engineering?,Do the authors exlain WHEN their apporach is better than others in a selected context with specific characteristics?,0.2374
3967,How can empirical studies in Requirements Engineering better address the needs of diverse stakeholders?,How has the reporting of the subjects evolved over time?,0.2373
3968,How can empirical research in Requirements Engineering support the development of industry-relevant guidelines and checklists?,How has the reporting of the objects of study / treatments evolved over time?,0.2373
3969,What are the criteria for selecting appropriate empirical methods for specific research questions in Requirements Engineering?,"""Do electronic resources (digital libraries and databases) provide all the functionalies that support the identification, selection, and retrieval of bibliographic and full-text information about SE research?""",0.2373
3970,What are the considerations for designing controlled experiments in Requirements Engineering?,How has the use of standards to describe the theories incorporated evolved over time?,0.2373
3971,How can empirical research contribute to the development of standardized practices in Requirements Engineering?,How has the reporting of threats to validity evolved over time?,0.2371
3972,What are the core empirical methods used in Requirements Engineering research?,Do the authors use multiple digital libraries including publications from SE and RE and related disciplines for (systematic literature) reviews?,0.2370
3973,What methods are used to ensure the reliability and validity of empirical data in Requirements Engineering research?,How has the reporting of the setting evolved over time?,0.2370
3974,What are the critical research gaps in the empirical study of Requirements Engineering?,"""For which purpose do authors incorporate theories into their studies (use, testing, modification, formulation)?""",0.2370
3975,What are the methods for conducting effective surveys in Requirements Engineering research?,How many studies incorporate theories?,0.2369
3976,How can empirical research in Requirements Engineering contribute to improving software development processes?,Do the authors refer to a reference (website or systematic review) that systematizes and characterizes the theory incorporated?,0.2369
3977,How can the external validity of empirical studies in Requirements Engineering be enhanced?,Which digital libraries with publications from SE and RE and related disciplines do authors use for (systematic literature) reviews?,0.2369
3978,How can empirical evidence in Requirements Engineering inform decision-making processes in software engineering?,"""Do the authors refer to and consistently use a basic terminology, descriptors, and keywords to identify and select primary studies for (systematic literature) reviews?""",0.2369
3979,How can the scope of empirical studies in Requirements Engineering be systematically defined and reported?,Do the authors use multiple digital libraries including publications from SE and RE and related disciplines for (systematic literature) reviews?,0.2368
3980,What are the common challenges encountered in conducting empirical case studies in Requirements Engineering?,"""Do the authors use standards to describe the theories incorporated (used, tested, modified, formulated)?""",0.2368
3981,"How can empirical methods in Requirements Engineering be adapted to address complex, real-world problems?",Do the authors synthesize and present the results as checklists or guidelines applicable for industrial users?,0.2367
3982,How can empirical research in Requirements Engineering support the development of industry-relevant guidelines and checklists?,"""What is the proportion of theories from other disciplines, from other disciplines with adaptions for the SE and RE, and from SE and RE itself?""",0.2367
3983,What is the role of empirical methods in advancing the state-of-the-art in Requirements Engineering?,How has the proportion of pure demonstrations (proof of concept) and simple experience reports (lessons learned) evolved over time?,0.2367
3984,How can empirical data from multiple studies be effectively integrated in Requirements Engineering research?,"""What is the proportion of theories from other disciplines, from other disciplines with adaptions for the SE and RE, and from SE and RE itself?""",0.2367
3985,How can empirical research support the development of more effective Requirements Elicitation techniques?,How has the reporting of the objects of study / treatments evolved over time?,0.2366
3986,How can the findings from empirical Requirements Engineering studies be synthesized and communicated to practitioners?,How has the proportion of each of the three levels of sophistication for theories from SE and RE evolved over time?,0.2366
3987,What are the key variables studied in empirical Requirements Engineering research?,How has the reporting of the context evolved over time?,0.2365
3988,How can the effectiveness of empirical methods in Requirements Engineering be assessed?,"""For which purpose do authors incorporate theories into their studies (use, testing, modification, formulation)?""",0.2365
3989,How can the effectiveness of empirical methods in Requirements Engineering be assessed?,How has the reporting of research questions and answers evolved over time?,0.2364
3990,How can empirical findings in Requirements Engineering be translated into best practices?,How has the use of triangulation for research design evolved over time?,0.2364
3991,What are the critical research gaps in the empirical study of Requirements Engineering?,"""Do the authors refer to and consistently use a basic terminology, descriptors, and keywords to identify and select primary studies for (systematic literature) reviews?""",0.2364
3992,What are the core empirical methods used in Requirements Engineering research?,How has the proportion of pure demonstrations (proof of concept) and simple experience reports (lessons learned) evolved over time?,0.2363
3993,How can industry feedback be systematically incorporated into empirical Requirements Engineering research?,Do the authors use multiple digital libraries including publications from SE and RE and related disciplines for (systematic literature) reviews?,0.2362
3994,What mechanisms exist to facilitate industry-academia collaboration in empirical Requirements Engineering research?,How often are standards used to describe the theories incorporated?,0.2361
3995,What is the role of empirical methods in advancing the state-of-the-art in Requirements Engineering?,How has the reporting of research questions and answers evolved over time?,0.2361
3996,How can empirical research in Requirements Engineering address the needs of global software development teams?,How has the use of theories for a diverse and reflective generalization of study results evolved over time?,0.2361
3997,How can empirical evidence in Requirements Engineering inform decision-making processes in software engineering?,How has the use of triangulation for research design evolved over time?,0.2360
3998,How can the external validity of empirical studies in Requirements Engineering be enhanced?,How many theories from the SE and RE are there?,0.2360
3999,How can empirical research in Requirements Engineering be used to support continuous improvement in software processes?,Does the research design allow for efficient reuse of study (results) by other researchers?,0.2360
4000,How can empirical research findings in Requirements Engineering be made more accessible to practitioners?,How often are which statistical methods used?,0.2359
4001,How can empirical studies in Requirements Engineering be made more rigorous and impactful?,What types of threats to validity do the authors report?,0.2359
4002,What is the role of empirical methods in advancing the state-of-the-art in Requirements Engineering?,Do the authors exlain WHY their apporach is better than others in a selected context with specific characteristics?,0.2359
4003,How do empirical studies in Requirements Engineering integrate quantitative and qualitative approaches?,How has the incorporation of theories in studies evolved over time?,0.2358
4004,How can empirical findings in Requirements Engineering be translated into best practices?,How often are which statistical methods used?,0.2358
4005,What are the core empirical methods used in Requirements Engineering research?,How has the reporting of the subjects evolved over time?,0.2357
4006,How can empirical methods be used to study the effectiveness of Requirements Management practices?,How has the reporting of the context evolved over time?,0.2357
4007,What is the role of empirical methods in advancing the state-of-the-art in Requirements Engineering?,How has the reporting of the subjects evolved over time?,0.2357
4008,How can empirical research in Requirements Engineering contribute to improving software development processes?,How has the reporting of the subjects evolved over time?,0.2356
4009,What mechanisms exist to facilitate industry-academia collaboration in empirical Requirements Engineering research?,How often are which empirical methods used over time?,0.2355
4010,How can empirical studies in Requirements Engineering better address the needs of diverse stakeholders?,Does the research design allow for efficient reuse of study (results) by other researchers?,0.2355
4011,How can empirical research in Requirements Engineering contribute to theory building?,How has the reporting of the subjects evolved over time?,0.2355
4012,What are the methods for evaluating the reliability of empirical data in Requirements Engineering research?, How do the authors justify the lack of a proper study?,0.2354
4013,What are the common challenges encountered in conducting empirical case studies in Requirements Engineering?,"""Do the authors refer to and consistently use a basic terminology, descriptors, and keywords to identify and select primary studies for (systematic literature) reviews?""",0.2353
4014,How can empirical studies in Requirements Engineering be made more rigorous and impactful?,Does the research design allow for efficient reuse of study (results) by other researchers?,0.2353
4015,How can empirical research contribute to the development of standardized practices in Requirements Engineering?,How often are which statistical methods used?,0.2352
4016,"How can empirical methods in Requirements Engineering be adapted to address complex, real-world problems?","""How has the provision of data (the materials used, raw data collected, and study results identified) evolved over time?""",0.2352
4017,What are the best practices for designing and conducting action research in Requirements Engineering?,Do the authors refer to a reference (website or systematic review) that systematizes and characterizes the theory incorporated?,0.2352
4018,What are the key success factors for empirical studies in Requirements Engineering?,Do the authors exlain WHY their apporach is better than others in a selected context with specific characteristics?,0.2351
4019,What are the key success factors for empirical studies in Requirements Engineering?,How has the use of power analysis and effect size estimation evolved over time?,0.2351
4020,How can empirical research in Requirements Engineering address the needs of global software development teams?,How has the reporting of the objects of study / treatments evolved over time?,0.2351
4021,Which empirical methods are most commonly deployed in industry-academia collaborations in Requirements Engineering?,Do the authors exlain HOW their apporach is better than others in a selected context with specific characteristics?,0.2351
4022,How do empirical studies in Requirements Engineering integrate quantitative and qualitative approaches?,How has the reporting of the subjects evolved over time?,0.2351
4023,How can empirical research in Requirements Engineering be used to support continuous improvement in software processes?,How has the proportion of pure demonstrations (proof of concept) and simple experience reports (lessons learned) evolved over time?,0.2351
4024,How can empirical research contribute to the development of standardized practices in Requirements Engineering?,How has the incorporation of theories in studies evolved over time?,0.2351
4025,How can empirical research in Requirements Engineering support the development of industry-relevant guidelines and checklists?,Do the authors exlain HOW their apporach is better than others in a selected context with specific characteristics?,0.2350
4026,How can empirical research address the socio-technical aspects of Requirements Engineering?,"""How has the proportion of theories from other disciplines, from other disciplines with adaptions for the SE (RE), and from SE (RE) itself evolved over time?""",0.2349
4027,What mechanisms exist to facilitate industry-academia collaboration in empirical Requirements Engineering research?,How has the proportion of each of the three levels of sophistication for theories from SE and RE evolved over time?,0.2349
4028,How can the constructs and variables used in empirical Requirements Engineering research be defined and operationalized?,Do authors report that assumptions and limitations of statistical methods are met before using them?,0.2349
4029,What is the role of empirical methods in advancing the state-of-the-art in Requirements Engineering?, How do the authors justify the lack of a proper study?,0.2349
4030,What are the criteria for selecting appropriate empirical methods for specific research questions in Requirements Engineering?,"""What is the proportion of theories from other disciplines, from other disciplines with adaptions for the SE and RE, and from SE and RE itself?""",0.2348
4031,What are the key challenges in synthesizing qualitative and quantitative data in Requirements Engineering research?,How many publications are analyzed in (systematic literature) reviews?,0.2348
4032,How can the effectiveness of empirical methods in Requirements Engineering be assessed?,How has the proportion of pure demonstrations (proof of concept) and simple experience reports (lessons learned) evolved over time?,0.2347
4033,What criteria are used to evaluate the quality of empirical studies in Requirements Engineering?,How many studies incorporate theories?,0.2347
4034,What are the trends in the methodological approaches used in empirical Requirements Engineering research?,Do the authors exlain WHY their apporach is better than others in a selected context with specific characteristics?,0.2346
4035,What are the common themes in the empirical literature on Requirements Engineering?,How many studies incorporate theories?,0.2346
4036,What are the key success factors for empirical studies in Requirements Engineering?,How many theories from the SE and RE are there?,0.2345
4037,What are the methods for conducting effective surveys in Requirements Engineering research?,Do the authors use other channels to publish their results for making them available to industrial users?,0.2345
4038,What criteria are used to evaluate the quality of empirical studies in Requirements Engineering?,Does the research design allow for efficient reuse of study (results) by other researchers?,0.2345
4039,How can empirical research in Requirements Engineering support the development of industry-relevant guidelines and checklists?,"""How has the proportion of theories from other disciplines, from other disciplines with adaptions for the SE (RE), and from SE (RE) itself evolved over time?""",0.2345
4040,What are the lessons learned from past empirical studies in Requirements Engineering?,Which digital libraries with publications from SE and RE and related disciplines do authors use for (systematic literature) reviews?,0.2344
4041,What are the future directions for empirical research in Requirements Engineering?,How has the reporting of the context evolved over time?,0.2344
4042,How can empirical studies in Requirements Engineering be made more rigorous and impactful?,How often are which statistical methods used?,0.2344
4043,How can the threats to internal and external validity be mitigated in empirical studies of Requirements Engineering?,Do the authors exlain HOW their apporach is better than others in a selected context with specific characteristics?,0.2343
4044,What are the guidelines for conducting high-quality empirical studies in Requirements Engineering?,"""How has building on previous research data and results, including from other disciplines, evolved over time?""",0.2343
4045,How do empirical studies in Requirements Engineering integrate quantitative and qualitative approaches?,Which digital libraries with publications from SE and RE and related disciplines do authors use for (systematic literature) reviews?,0.2343
4046,What are the criteria for selecting appropriate empirical methods for specific research questions in Requirements Engineering?,Do the authors exlain WHEN their apporach is better than others in a selected context with specific characteristics?,0.2343
4047,How can empirical research in Requirements Engineering address the challenge of generalizability?,Do the authors exlain WHEN their apporach is better than others in a selected context with specific characteristics?,0.2342
4048,How can empirical methods be used to evaluate software requirements specifications?,How has the reporting of threats to validity evolved over time?,0.2342
4049,How can biases be minimized in empirical studies of Requirements Engineering?,How has the use of statistical methods evolved over time?,0.2342
4050,What are the guidelines for conducting high-quality empirical studies in Requirements Engineering?,Do the authors use multiple digital libraries including publications from SE and RE and related disciplines for (systematic literature) reviews?,0.2341
4051,"How can empirical methods in Requirements Engineering be adapted to address complex, real-world problems?",Do the authors use (a common set of empirically derived) criteria to assess the quality of individual studies?,0.2341
4052,How can the use of empirical methods in Requirements Engineering research be improved?,How has the proportion of each of the three levels of sophistication for theories from SE and RE evolved over time?,0.2340
4053,What are the lessons learned from past empirical studies in Requirements Engineering?,How do the authors justify preventing bias in the study results?,0.2340
4054,How can empirical research support the development of more effective Requirements Elicitation techniques?,What is the proportion of each of the three levels of sophistication for theories from SE and RE?,0.2340
4055,How has the use of empirical methods in Requirements Engineering evolved over time?, How do the authors justify the lack of a proper study?,0.2338
4056,How can the use of empirical methods in Requirements Engineering research be improved?,How do the authors justify preventing bias in the study results?,0.2338
4057,How can empirical studies in Requirements Engineering better address the needs of diverse stakeholders?,How has the proportion of pure demonstrations (proof of concept) and simple experience reports (lessons learned) evolved over time?,0.2338
4058,What are the criteria for selecting appropriate empirical methods for specific research questions in Requirements Engineering?,How has the incorporation of theories in studies evolved over time?,0.2338
4059,What are the future directions for empirical research in Requirements Engineering?,Does the research design allow for efficient reuse of study (results) by other researchers?,0.2338
4060,How can empirical research in Requirements Engineering address the needs of global software development teams?,How has the reporting of the setting evolved over time?,0.2338
4061,What are the best practices for reporting empirical research findings in Requirements Engineering?,How has comparing new approaches with relevant alternative approaches used in the industry evolved over time?,0.2337
4062,How can empirical research in Requirements Engineering address the needs of global software development teams?,How has the use of standards to describe the theories incorporated evolved over time?,0.2337
4063,What are the future directions for empirical research in Requirements Engineering?, How do the authors justify the lack of a proper study?,0.2336
4064,How can empirical research contribute to the development of standardized practices in Requirements Engineering?,Which digital libraries with publications from SE and RE and related disciplines do authors use for (systematic literature) reviews?,0.2335
4065,What methods are used to ensure the reliability and validity of empirical data in Requirements Engineering research?,How do the authors justify preventing bias in the study results?,0.2335
4066,How can the relevance and impact of empirical studies in Requirements Engineering be increased?,"""What is the proportion of theories from other disciplines, from other disciplines with adaptions for the SE and RE, and from SE and RE itself?""",0.2335
4067,How can empirical methods be used to evaluate the impact of new Requirements Engineering techniques?,"""For which purpose do authors incorporate theories into their studies (use, testing, modification, formulation)?""",0.2335
4068,How can empirical methods guide the development of new SE technology in Requirements Engineering?,How often are which statistical methods used?,0.2334
4069,What are the methods for synthesizing empirical evidence from diverse study designs in Requirements Engineering?,"""On which levels of sophistication are the theories from SE and RE? (level 1, level 2, or level 3 defined in Sjøberg et al. [1])""",0.2334
4070,How has the use of empirical methods in Requirements Engineering evolved over time?,How many theories from the SE and RE are there?,0.2333
4071,What are the critical success factors for industry-academia research collaborations in Requirements Engineering?,How often are those who conduct the studies also the authors of the papers?,0.2333
4072,How can the reproducibility of empirical studies in Requirements Engineering be ensured?,How has the proportion of each of the three levels of sophistication for theories from SE and RE evolved over time?,0.2332
4073,What are the primary research questions addressed by empirical methods in Requirements Engineering studies?,How has the reporting of the setting evolved over time?,0.2331
4074,Which empirical methods are recommended for synthesizing evidence in Requirements Engineering?,"""What is the proportion of theories from other disciplines, from other disciplines with adaptions for the SE and RE, and from SE and RE itself?""",0.2331
4075,What are the key variables studied in empirical Requirements Engineering research?,How often are which statistical methods used?,0.2331
4076,How can the threats to internal and external validity be mitigated in empirical studies of Requirements Engineering?,How has the reporting of the context evolved over time?,0.2331
4077,How can the reproducibility of empirical studies in Requirements Engineering be ensured?,Which digital libraries with publications from SE and RE and related disciplines do authors use for (systematic literature) reviews?,0.2331
4078,What are the critical success factors for industry-academia research collaborations in Requirements Engineering?,Do the authors use (a common set of empirically derived) criteria to assess the quality of individual studies?,0.2331
4079,What are the methods for triangulating data in empirical Requirements Engineering studies?,"""For which purpose do authors incorporate theories into their studies (use, testing, modification, formulation)?""",0.2331
4080,What are the guidelines for conducting high-quality empirical studies in Requirements Engineering?,How many studies incorporate theories?,0.2330
4081,What are the trends in the methodological approaches used in empirical Requirements Engineering research?,How has the use of power analysis and effect size estimation evolved over time?,0.2330
4082,What are the ethical considerations in conducting empirical research in Requirements Engineering?,Do the authors exlain HOW their apporach is better than others in a selected context with specific characteristics?,0.2329
4083,How can empirical research in Requirements Engineering support the development of new tools and technologies?,How has the reporting of threats to validity evolved over time?,0.2327
4084,How can empirical studies in Requirements Engineering be made more rigorous and impactful?,What is the proportion of each of the three levels of sophistication for theories from SE and RE?,0.2327
4085,How can the threats to internal and external validity be mitigated in empirical studies of Requirements Engineering?,How has the proportion of papers that do not have an empirical study evolved over time?,0.2326
4086,What are the major challenges in applying empirical methods to Requirements Engineering research?,How has the reporting of the setting evolved over time?,0.2326
4087,What mechanisms exist to facilitate industry-academia collaboration in empirical Requirements Engineering research?,How has the number of theories from SE and RE evolved over time?,0.2326
4088,What criteria are used to evaluate the quality of empirical studies in Requirements Engineering?,Do the authors use multiple digital libraries including publications from SE and RE and related disciplines for (systematic literature) reviews?,0.2326
4089,What are the critical research gaps in the empirical study of Requirements Engineering?,How has the proportion of each of the three levels of sophistication for theories from SE and RE evolved over time?,0.2326
4090,How can empirical research in Requirements Engineering contribute to improving software development processes?,How do the authors justify preventing bias in the study results?,0.2326
4091,What are the common challenges encountered in conducting empirical case studies in Requirements Engineering?,How do the authors justify preventing bias in the study results?,0.2326
4092,What are the standards for documenting and sharing empirical research data in Requirements Engineering?,How often are those who conduct the studies also the authors of the papers?,0.2325
4093,How can empirical research support the development of more effective Requirements Elicitation techniques?,"""Do the authors refer to and consistently use a basic terminology, descriptors, and keywords to identify and select primary studies for (systematic literature) reviews?""",0.2325
4094,What are the implications of heterogeneous interventions in empirical studies of Requirements Engineering?,How has the proportion of pure demonstrations (proof of concept) and simple experience reports (lessons learned) evolved over time?,0.2325
4095,How can empirical methods be used to study the effectiveness of Requirements Management practices?,Do the authors exlain HOW their apporach is better than others in a selected context with specific characteristics?,0.2324
4096,What are the primary research questions addressed by empirical methods in Requirements Engineering studies?,How do the authors justify preventing bias in the study results?,0.2324
4097,How can the threats to internal and external validity be mitigated in empirical studies of Requirements Engineering?,Do the authors exlain WHEN their apporach is better than others in a selected context with specific characteristics?,0.2324
4098,What are the key success factors for empirical studies in Requirements Engineering?,Which digital libraries with publications from SE and RE and related disciplines do authors use for (systematic literature) reviews?,0.2324
4099,How can empirical studies in Requirements Engineering better address the needs of diverse stakeholders?,How has the reporting of the objects of study / treatments evolved over time?,0.2323
4100,What are the best practices for designing and conducting action research in Requirements Engineering?,How many different empirical methods are used per publication?,0.2323
4101,What are the major challenges in applying empirical methods to Requirements Engineering research?,How has the reporting of the subjects evolved over time?,0.2323
4102,How can empirical research in Requirements Engineering support the development of industry-relevant guidelines and checklists?,"""On which levels of sophistication are the theories from SE and RE? (level 1, level 2, or level 3 defined in Sjøberg et al. [1])""",0.2323
4103,How can empirical research in Requirements Engineering be used to support continuous improvement in software processes?,How has the reporting of the setting evolved over time?,0.2322
4104,What are the common themes in the empirical literature on Requirements Engineering?,How often are which statistical methods used?,0.2322
4105,What methods are used to ensure the reliability and validity of empirical data in Requirements Engineering research?,How has the use of theories for a diverse and reflective generalization of study results evolved over time?,0.2322
4106,What are the critical research gaps in the empirical study of Requirements Engineering?,How has the reporting of the setting evolved over time?,0.2322
4107,What are the criteria for assessing the credibility of empirical research findings in Requirements Engineering?,How has the number of theories from SE and RE evolved over time?,0.2321
4108,How do empirical studies in Requirements Engineering integrate quantitative and qualitative approaches?, How do the authors justify the lack of a proper study?,0.2321
4109,What are the implications of empirical research for Requirements Engineering education and training?,How has comparing new approaches with relevant alternative approaches used in the industry evolved over time?,0.2321
4110,How can empirical methods be used to study the effectiveness of Requirements Management practices?,How has the proportion of pure demonstrations (proof of concept) and simple experience reports (lessons learned) evolved over time?,0.2321
4111,What are the critical success factors for industry-academia research collaborations in Requirements Engineering?,How has the number of empirical methods used per publication evolved over time?,0.2321
4112,How can biases be minimized in empirical studies of Requirements Engineering?,How has the reporting of the context evolved over time?,0.2321
4113,How can the threats to internal and external validity be mitigated in empirical studies of Requirements Engineering?,"""How has building on previous research data and results, including from other disciplines, evolved over time?""",0.2320
4114,How can the relevance and impact of empirical studies in Requirements Engineering be increased?,"""How has the proportion of theories from other disciplines, from other disciplines with adaptions for the SE (RE), and from SE (RE) itself evolved over time?""",0.2320
4115,How can empirical research in Requirements Engineering support the development of industry-relevant guidelines and checklists?,How has the incorporation of theories in studies evolved over time?,0.2319
4116,How can biases be minimized in empirical studies of Requirements Engineering?,How has the reporting of the subjects evolved over time?,0.2318
4117,How can the findings from empirical Requirements Engineering studies be synthesized and communicated to practitioners?,How has the incorporation of theories in studies evolved over time?,0.2317
4118,What are the future directions for empirical research in Requirements Engineering?,"""Do the authors use standards to describe the theories incorporated (used, tested, modified, formulated)?""",0.2317
4119,How can biases be minimized in empirical studies of Requirements Engineering?,Have the authors done a systematic review of related work?,0.2316
4120,What are the criteria for selecting appropriate empirical methods for specific research questions in Requirements Engineering?,How many theories from the SE and RE are there?,0.2316
4121,What role do replications play in ensuring the robustness of empirical studies in Requirements Engineering?,How has the use of power analysis and effect size estimation evolved over time?,0.2314
4122,What are the implications of empirical research for Requirements Engineering education and training?,How many theories from the SE and RE are there?,0.2313
4123,What methods are used to ensure the reliability and validity of empirical data in Requirements Engineering research?,Do the authors refer to a reference (website or systematic review) that systematizes and characterizes the theory incorporated?,0.2313
4124,How can empirical research address the socio-technical aspects of Requirements Engineering?,"""Do electronic resources (digital libraries and databases) provide all the functionalies that support the identification, selection, and retrieval of bibliographic and full-text information about SE research?""",0.2313
4125,How can empirical research in Requirements Engineering be used to inform policy-making in software engineering?,Do authors report that assumptions and limitations of statistical methods are met before using them?,0.2313
4126,What are the common themes in the empirical literature on Requirements Engineering?,Do the authors exlain WHEN their apporach is better than others in a selected context with specific characteristics?,0.2313
4127,How do empirical studies in Requirements Engineering integrate quantitative and qualitative approaches?,Do the authors use multiple digital libraries including publications from SE and RE and related disciplines for (systematic literature) reviews?,0.2313
4128,What are the lessons learned from past empirical studies in Requirements Engineering?,How has the use of power analysis and effect size estimation evolved over time?,0.2312
4129,How can empirical research findings in Requirements Engineering be made more accessible to practitioners?,What is the proportion of each of the three levels of sophistication for theories from SE and RE?,0.2312
4130,What are the critical research gaps in the empirical study of Requirements Engineering?,Which methods are used to synthesize evidence from data of different empirical methods?,0.2311
4131,How can the external validity of empirical studies in Requirements Engineering be enhanced?,How often are which statistical methods used?,0.2311
4132,What are the critical research gaps in the empirical study of Requirements Engineering?,"""On which levels of sophistication are the theories from SE and RE? (level 1, level 2, or level 3 defined in Sjøberg et al. [1])""",0.2310
4133,How can empirical methods guide the development of new SE technology in Requirements Engineering?,How has the reporting of the objects of study / treatments evolved over time?,0.2310
4134,What are the methods for triangulating data in empirical Requirements Engineering studies?,"""Do the authors use standards to describe the theories incorporated (used, tested, modified, formulated)?""",0.2310
4135,What are the key challenges in synthesizing qualitative and quantitative data in Requirements Engineering research?,How has the number of empirical methods used per publication evolved over time?,0.2310
4136,How can the effectiveness of empirical methods in Requirements Engineering be assessed?, How do the authors justify the lack of a proper study?,0.2310
4137,How can the constructs and variables used in empirical Requirements Engineering research be defined and operationalized?,"""On which levels of sophistication are the theories from SE and RE? (level 1, level 2, or level 3 defined in Sjøberg et al. [1])""",0.2309
4138,What criteria are used to evaluate the quality of empirical studies in Requirements Engineering?,How has the proportion of pure demonstrations (proof of concept) and simple experience reports (lessons learned) evolved over time?,0.2309
4139,How can empirical methods guide the development of new SE technology in Requirements Engineering?,Do the authors report the selected context of their study with specific characteristics?,0.2308
4140,How can industry feedback be systematically incorporated into empirical Requirements Engineering research?,What is the proportion of each of the three levels of sophistication for theories from SE and RE?,0.2306
4141,How can empirical research in Requirements Engineering address the challenge of generalizability?,How has the reporting of the context evolved over time?,0.2306
4142,What are the criteria for assessing the credibility of empirical research findings in Requirements Engineering?,How has the incorporation of theories in studies evolved over time?,0.2306
4143,What are the key challenges in synthesizing qualitative and quantitative data in Requirements Engineering research?,How has the incorporation of theories in studies evolved over time?,0.2305
4144,What are the trends in the methodological approaches used in empirical Requirements Engineering research?,"""On which levels of sophistication are the theories from SE and RE? (level 1, level 2, or level 3 defined in Sjøberg et al. [1])""",0.2305
4145,What are the key challenges in synthesizing qualitative and quantitative data in Requirements Engineering research?,How has the proportion of empirical studies evolved over time?,0.2305
4146,How can empirical studies in Requirements Engineering better address the needs of diverse stakeholders?,What types of threats to validity do the authors report?,0.2305
4147,What are the primary research questions addressed by empirical methods in Requirements Engineering studies?,"""How has the proportion of theories from other disciplines, from other disciplines with adaptions for the SE (RE), and from SE (RE) itself evolved over time?""",0.2304
4148,How can empirical research in Requirements Engineering support the development of new tools and technologies?,Do the authors refer to a reference (website or systematic review) that systematizes and characterizes the theory incorporated?,0.2304
4149,How can biases be minimized in empirical studies of Requirements Engineering?,"""Do the authors use standards to describe the theories incorporated (used, tested, modified, formulated)?""",0.2302
4150,How can empirical research in Requirements Engineering be used to inform policy-making in software engineering?,"""Do the authors use standards to describe the theories incorporated (used, tested, modified, formulated)?""",0.2302
4151,What criteria are used to evaluate the quality of empirical studies in Requirements Engineering?,How has the reporting of the setting evolved over time?,0.2302
4152,How can empirical studies in Requirements Engineering be made more rigorous and impactful?,Do the authors exlain WHEN their apporach is better than others in a selected context with specific characteristics?,0.2301
4153,How can biases be minimized in empirical studies of Requirements Engineering?,How has the reporting of research questions and answers evolved over time?,0.2300
4154,How can empirical research in Requirements Engineering address the needs of global software development teams?,How often are standards used to describe the theories incorporated?,0.2299
4155,How can empirical methods be used to study the effectiveness of Requirements Management practices?,How has the use of theories for a diverse and reflective generalization of study results evolved over time?,0.2298
4156,How can empirical research in Requirements Engineering support the development of industry-relevant guidelines and checklists?,How has the number of theories from SE and RE evolved over time?,0.2298
4157,How can empirical studies in Requirements Engineering be made more rigorous and impactful?,Do the authors refer to a reference (website or systematic review) that systematizes and characterizes the theory incorporated?,0.2298
4158,How can empirical research in Requirements Engineering address the needs of global software development teams?,"""How up-to-date (and relevant) are reported (systematic) reviews, so-called secondary research?""",0.2297
4159,What are the criteria for selecting appropriate empirical methods for specific research questions in Requirements Engineering?,How has the use of power analysis and effect size estimation evolved over time?,0.2297
4160,What are the future directions for empirical research in Requirements Engineering?,How has the use of statistical methods evolved over time?,0.2296
4161,What are the ethical considerations in conducting empirical research in Requirements Engineering?,How has comparing new approaches with relevant alternative approaches used in the industry evolved over time?,0.2296
4162,What are the methods for conducting effective surveys in Requirements Engineering research?,How has the use of standards to describe the theories incorporated evolved over time?,0.2295
4163,How can empirical research in Requirements Engineering support the development of industry-relevant guidelines and checklists?, How do the authors justify the lack of a proper study?,0.2295
4164,How has the use of empirical methods in Requirements Engineering evolved over time?,What is the proportion of each of the three levels of sophistication for theories from SE and RE?,0.2294
4165,What are the trends in the methodological approaches used in empirical Requirements Engineering research?,"""How has the proportion of theories from other disciplines, from other disciplines with adaptions for the SE (RE), and from SE (RE) itself evolved over time?""",0.2293
4166,How can the constructs and variables used in empirical Requirements Engineering research be defined and operationalized?,"""Do the authors refer to and consistently use a basic terminology, descriptors, and keywords to identify and select primary studies for (systematic literature) reviews?""",0.2293
4167,How can the relevance and impact of empirical studies in Requirements Engineering be increased?,What types of threats to validity do the authors report?,0.2293
4168,How can the effectiveness of empirical methods in Requirements Engineering be assessed?,Do the authors exlain WHY their apporach is better than others in a selected context with specific characteristics?,0.2292
4169,What role do replications play in ensuring the robustness of empirical studies in Requirements Engineering?,Do the authors exlain HOW their apporach is better than others in a selected context with specific characteristics?,0.2292
4170,What are the critical research gaps in the empirical study of Requirements Engineering?,How has the reporting of the subjects evolved over time?,0.2292
4171,What are the common themes in the empirical literature on Requirements Engineering?,How has the reporting of the objects of study / treatments evolved over time?,0.2292
4172,How can empirical methods be used to evaluate the impact of new Requirements Engineering techniques?,Does the research design allow for efficient reuse of study (results) by other researchers?,0.2291
4173,What are the criteria for assessing the credibility of empirical research findings in Requirements Engineering?,How has the use of statistical methods evolved over time?,0.2291
4174,How can biases be minimized in empirical studies of Requirements Engineering?,What types of threats to validity do the authors report?,0.2290
4175,How can empirical research in Requirements Engineering address the challenge of generalizability?,How has the reporting of the setting evolved over time?,0.2289
4176,What mechanisms exist to facilitate industry-academia collaboration in empirical Requirements Engineering research?,How has the reporting of the subjects evolved over time?,0.2289
4177,How can empirical methods be used to evaluate software requirements specifications?,Do the authors refer to a reference (website or systematic review) that systematizes and characterizes the theory incorporated?,0.2289
4178,What are the implications of heterogeneous interventions in empirical studies of Requirements Engineering?,How has the reporting of the subjects evolved over time?,0.2289
4179,Which empirical methods are most commonly deployed in industry-academia collaborations in Requirements Engineering?,What is the proportion of each of the three levels of sophistication for theories from SE and RE?,0.2289
4180,How can industry feedback be systematically incorporated into empirical Requirements Engineering research?,How has the use of power analysis and effect size estimation evolved over time?,0.2288
4181,What methods are used to ensure the reliability and validity of empirical data in Requirements Engineering research?,How has the use of power analysis and effect size estimation evolved over time?,0.2288
4182,What role do replications play in ensuring the robustness of empirical studies in Requirements Engineering?,"""What is the proportion of theories from other disciplines, from other disciplines with adaptions for the SE and RE, and from SE and RE itself?""",0.2288
4183,How can empirical research in Requirements Engineering support the development of industry-relevant guidelines and checklists?,What types of threats to validity do the authors report?,0.2288
4184,"In what ways can empirical research methods be integrated into software engineering education, specifically for Requirements Engineering?",How has the use of standards to describe the theories incorporated evolved over time?,0.2288
4185,How can empirical research address the socio-technical aspects of Requirements Engineering?,Do the authors exlain WHY their apporach is better than others in a selected context with specific characteristics?,0.2288
4186,What are the major challenges in applying empirical methods to Requirements Engineering research?,Which digital libraries with publications from SE and RE and related disciplines do authors use for (systematic literature) reviews?,0.2288
4187,What are the lessons learned from past empirical studies in Requirements Engineering?,Do the authors exlain HOW their apporach is better than others in a selected context with specific characteristics?,0.2287
4188,How can the external validity of empirical studies in Requirements Engineering be enhanced?,How has the reporting of the setting evolved over time?,0.2287
4189,What are the methods for ensuring the transparency and reproducibility of empirical research in Requirements Engineering?,How has the incorporation of theories in studies evolved over time?,0.2286
4190,What are the key variables studied in empirical Requirements Engineering research?,How has the reporting of research questions and answers evolved over time?,0.2286
4191,What are the best practices for designing and conducting action research in Requirements Engineering?,How has the use of (a common set of empirically derived) criteria to assess the quality of individual studies evolved over time?,0.2286
4192,What mechanisms exist to facilitate industry-academia collaboration in empirical Requirements Engineering research?,What is the proportion of each of the three levels of sophistication for theories from SE and RE?,0.2285
4193,What are the critical success factors for industry-academia research collaborations in Requirements Engineering?,What is the proportion of each of the three levels of sophistication for theories from SE and RE?,0.2285
4194,What are the methods for triangulating data in empirical Requirements Engineering studies?,How has the use of power analysis and effect size estimation evolved over time?,0.2283
4195,What are the implications of empirical research for the future of Requirements Engineering as a discipline?,How has the reporting of the setting evolved over time?,0.2282
4196,What are the lessons learned from past empirical studies in Requirements Engineering?,How often are which statistical methods used?,0.2282
4197,What are the ethical considerations in conducting empirical research in Requirements Engineering?,How often are those who conduct the studies also the authors of the papers?,0.2282
4198,What are the guidelines for conducting high-quality empirical studies in Requirements Engineering?,How do the authors justify preventing bias in the study results?,0.2281
4199,What are the implications of heterogeneous interventions in empirical studies of Requirements Engineering?,How has the use of standards to describe the theories incorporated evolved over time?,0.2280
4200,How can empirical methods be used to evaluate software requirements specifications?,"""Do the authors refer to and consistently use a basic terminology, descriptors, and keywords to identify and select primary studies for (systematic literature) reviews?""",0.2280
4201,What role do replications play in ensuring the robustness of empirical studies in Requirements Engineering?,How many theories from the SE and RE are there?,0.2280
4202,What are the critical research gaps in the empirical study of Requirements Engineering?,How has the reporting of the context evolved over time?,0.2279
4203,What are the critical research gaps in the empirical study of Requirements Engineering?,How many studies incorporate theories?,0.2278
4204,What are the major challenges in applying empirical methods to Requirements Engineering research?,How has the reporting of the context evolved over time?,0.2277
4205,How can empirical studies support the validation and refinement of Requirements Engineering theories?,Which digital libraries with publications from SE and RE and related disciplines do authors use for (systematic literature) reviews?,0.2277
4206,How can the use of empirical methods in Requirements Engineering research be improved?,How has the use of power analysis and effect size estimation evolved over time?,0.2276
4207,What are the critical success factors for industry-academia research collaborations in Requirements Engineering?,How many theories from the SE and RE are there?,0.2275
4208,What are the methods for assessing the impact of empirical studies in Requirements Engineering on industry practices?,"""What is the proportion of theories from other disciplines, from other disciplines with adaptions for the SE and RE, and from SE and RE itself?""",0.2275
4209,How can the scope of empirical studies in Requirements Engineering be systematically defined and reported?,How many theories from the SE and RE are there?,0.2275
4210,How can the relevance and impact of empirical studies in Requirements Engineering be increased?,Do the authors refer to a reference (website or systematic review) that systematizes and characterizes the theory incorporated?,0.2274
4211,How can empirical research in Requirements Engineering address the challenge of generalizability?,What is the proportion of each of the three levels of sophistication for theories from SE and RE?,0.2274
4212,What are the best practices for designing and conducting action research in Requirements Engineering?, How do the authors justify the lack of a proper study?,0.2274
4213,How can empirical evidence in Requirements Engineering inform decision-making processes in software engineering?,Do the authors exlain HOW their apporach is better than others in a selected context with specific characteristics?,0.2273
4214,What are the considerations for designing controlled experiments in Requirements Engineering?,How has the proportion of pure demonstrations (proof of concept) and simple experience reports (lessons learned) evolved over time?,0.2273
4215,How can the effectiveness of empirical methods in Requirements Engineering be assessed?,"""Do the authors refer to and consistently use a basic terminology, descriptors, and keywords to identify and select primary studies for (systematic literature) reviews?""",0.2273
4216,How can empirical research in Requirements Engineering be used to inform policy-making in software engineering?,How has the reporting of threats to validity evolved over time?,0.2272
4217,What are the future directions for empirical research in Requirements Engineering?,How many studies incorporate theories?,0.2272
4218,How can empirical data from multiple studies be effectively integrated in Requirements Engineering research?,How has the use of standards to describe the theories incorporated evolved over time?,0.2272
4219,How can empirical research in Requirements Engineering address the challenge of generalizability?,"""For which purpose do authors incorporate theories into their studies (use, testing, modification, formulation)?""",0.2272
4220,How can empirical research in Requirements Engineering support the development of industry-relevant guidelines and checklists?,How has the proportion of each of the three levels of sophistication for theories from SE and RE evolved over time?,0.2270
4221,What are the key success factors for empirical studies in Requirements Engineering?,How has the reporting of threats to validity evolved over time?,0.2269
4222,How can empirical data from multiple studies be effectively integrated in Requirements Engineering research?,"""How has the proportion of theories from other disciplines, from other disciplines with adaptions for the SE (RE), and from SE (RE) itself evolved over time?""",0.2269
4223,What are the critical success factors for industry-academia research collaborations in Requirements Engineering?,"""Do the authors use standards to describe the theories incorporated (used, tested, modified, formulated)?""",0.2268
4224,Which empirical methods are most commonly deployed in industry-academia collaborations in Requirements Engineering?,How has the proportion of pure demonstrations (proof of concept) and simple experience reports (lessons learned) evolved over time?,0.2265
4225,How can the use of empirical methods in Requirements Engineering research be improved?,How has the reporting of threats to validity evolved over time?,0.2265
4226,How can empirical research support the development of more effective Requirements Elicitation techniques?,How has the reporting of the context evolved over time?,0.2264
4227,How can the use of empirical methods in Requirements Engineering research be improved?,How has the incorporation of theories in studies evolved over time?,0.2263
4228,What are the criteria for assessing the credibility of empirical research findings in Requirements Engineering?,Do the authors exlain WHEN their apporach is better than others in a selected context with specific characteristics?,0.2263
4229,How can empirical research support the development of more effective Requirements Elicitation techniques?,Do the authors exlain WHEN their apporach is better than others in a selected context with specific characteristics?,0.2262
4230,How can the threats to internal and external validity be mitigated in empirical studies of Requirements Engineering?,Which methods are used to synthesize evidence from data of different empirical methods?,0.2262
4231,How can empirical research in Requirements Engineering address the needs of global software development teams?,How has the proportion of pure demonstrations (proof of concept) and simple experience reports (lessons learned) evolved over time?,0.2262
4232,What are the common challenges encountered in conducting empirical case studies in Requirements Engineering?,How has the use of standards to describe the theories incorporated evolved over time?,0.2262
4233,What are the common themes in the empirical literature on Requirements Engineering?,How has the use of statistical methods evolved over time?,0.2262
4234,How can empirical research in Requirements Engineering be used to support continuous improvement in software processes?,How has the reporting of the context evolved over time?,0.2262
4235,How can empirical research findings in Requirements Engineering be made more accessible to practitioners?,How has the use of language (academic vs. plain) in scientific publications evolved over time?,0.2261
4236,How can the external validity of empirical studies in Requirements Engineering be enhanced?,What is the proportion of each of the three levels of sophistication for theories from SE and RE?,0.2261
4237,How can empirical data from multiple studies be effectively integrated in Requirements Engineering research?,How has the use of language (academic vs. plain) in scientific publications evolved over time?,0.2261
4238,What are the implications of heterogeneous interventions in empirical studies of Requirements Engineering?,"""Do the authors use standards to describe the theories incorporated (used, tested, modified, formulated)?""",0.2261
4239,What are the common themes in the empirical literature on Requirements Engineering?,How has the reporting of research questions and answers evolved over time?,0.2260
4240,What are the ethical considerations in conducting empirical research in Requirements Engineering?,Do the authors exlain WHY their apporach is better than others in a selected context with specific characteristics?,0.2259
4241,How can the relevance and impact of empirical studies in Requirements Engineering be increased?,How many theories from the SE and RE are there?,0.2259
4242,How can the effectiveness of empirical methods in Requirements Engineering be assessed?,How has the reporting of threats to validity evolved over time?,0.2259
4243,What are the key variables studied in empirical Requirements Engineering research?,How has the reporting of the subjects evolved over time?,0.2258
4244,What role do replications play in ensuring the robustness of empirical studies in Requirements Engineering?,Do the authors exlain WHY their apporach is better than others in a selected context with specific characteristics?,0.2258
4245,How do empirical studies in Requirements Engineering integrate quantitative and qualitative approaches?,Do the authors exlain HOW their apporach is better than others in a selected context with specific characteristics?,0.2258
4246,What are the key challenges in synthesizing qualitative and quantitative data in Requirements Engineering research?, How do the authors justify the lack of a proper study?,0.2258
4247,How can the constructs and variables used in empirical Requirements Engineering research be defined and operationalized?,How often are which statistical methods used?,0.2258
4248,What are the trends in the methodological approaches used in empirical Requirements Engineering research?,How many theories from the SE and RE are there?,0.2256
4249,What mechanisms exist to facilitate industry-academia collaboration in empirical Requirements Engineering research?,How do the authors justify preventing bias in the study results?,0.2256
4250,What are the critical research gaps in the empirical study of Requirements Engineering?,How has the reporting of threats to validity evolved over time?,0.2256
4251,How can empirical research in Requirements Engineering contribute to improving software development processes?,How often are standards used to describe the theories incorporated?,0.2255
4252,What are the best practices for designing and conducting action research in Requirements Engineering?,"""Do the authors use standards to describe the theories incorporated (used, tested, modified, formulated)?""",0.2254
4253,What role do replications play in ensuring the robustness of empirical studies in Requirements Engineering?,What is the proportion of each of the three levels of sophistication for theories from SE and RE?,0.2254
4254,What are the criteria for selecting appropriate empirical methods for specific research questions in Requirements Engineering?,How has the proportion of each of the three levels of sophistication for theories from SE and RE evolved over time?,0.2253
4255,What are the critical success factors for industry-academia research collaborations in Requirements Engineering?,"""How has the provision of data (the materials used, raw data collected, and study results identified) evolved over time?""",0.2253
4256,What are the primary research questions addressed by empirical methods in Requirements Engineering studies?,How often are those who conduct the studies also the authors of the papers?,0.2252
4257,How can empirical methods be used to evaluate the impact of new Requirements Engineering techniques?,Do the authors exlain HOW their apporach is better than others in a selected context with specific characteristics?,0.2252
4258,How can empirical research contribute to the development of standardized practices in Requirements Engineering?,Does the research design allow for efficient reuse of study (results) by other researchers?,0.2252
4259,How can the reproducibility of empirical studies in Requirements Engineering be ensured?,"""How has the proportion of theories from other disciplines, from other disciplines with adaptions for the SE (RE), and from SE (RE) itself evolved over time?""",0.2252
4260,How can the external validity of empirical studies in Requirements Engineering be enhanced?,How has the number of theories from SE and RE evolved over time?,0.2251
4261,How can empirical research address the socio-technical aspects of Requirements Engineering?,How do the authors justify preventing bias in the study results?,0.2251
4262,How can empirical research in Requirements Engineering address the needs of global software development teams?, How do the authors justify the lack of a proper study?,0.2251
4263,Which empirical methods are most commonly deployed in industry-academia collaborations in Requirements Engineering?,"""Do electronic resources (digital libraries and databases) provide all the functionalies that support the identification, selection, and retrieval of bibliographic and full-text information about SE research?""",0.2250
4264,How can empirical research in Requirements Engineering support the development of new tools and technologies?,How has the use of power analysis and effect size estimation evolved over time?,0.2250
4265,"How can empirical methods in Requirements Engineering be adapted to address complex, real-world problems?",How has the use of triangulation for research design evolved over time?,0.2250
4266,What are the considerations for designing controlled experiments in Requirements Engineering?, How do the authors justify the lack of a proper study?,0.2250
4267,What are the guidelines for conducting high-quality empirical studies in Requirements Engineering?,How has the reporting of the subjects evolved over time?,0.2249
4268,What are the trends in the methodological approaches used in empirical Requirements Engineering research?,"""What is the proportion of theories from other disciplines, from other disciplines with adaptions for the SE and RE, and from SE and RE itself?""",0.2249
4269,How can empirical evidence in Requirements Engineering inform decision-making processes in software engineering?, How do the authors justify the lack of a proper study?,0.2248
4270,What are the critical success factors for industry-academia research collaborations in Requirements Engineering?, How do the authors justify the lack of a proper study?,0.2248
4271,How can empirical data from multiple studies be effectively integrated in Requirements Engineering research?,How has the proportion of pure demonstrations (proof of concept) and simple experience reports (lessons learned) evolved over time?,0.2247
4272,How can empirical research in Requirements Engineering benefit from interdisciplinary approaches?,"""Do electronic resources (digital libraries and databases) provide all the functionalies that support the identification, selection, and retrieval of bibliographic and full-text information about SE research?""",0.2246
4273,What are the common themes in the empirical literature on Requirements Engineering?,How many theories from the SE and RE are there?,0.2246
4274,How can the constructs and variables used in empirical Requirements Engineering research be defined and operationalized?,How has the reporting of the subjects evolved over time?,0.2246
4275,How can empirical research in Requirements Engineering support the development of industry-relevant guidelines and checklists?,How has the use of statistical methods evolved over time?,0.2245
4276,How can empirical methods be used to evaluate software requirements specifications?,"""How up-to-date (and relevant) are reported (systematic) reviews, so-called secondary research?""",0.2245
4277,How can the scope of empirical studies in Requirements Engineering be systematically defined and reported?,"""On which levels of sophistication are the theories from SE and RE? (level 1, level 2, or level 3 defined in Sjøberg et al. [1])""",0.2244
4278,What are the methods for assessing the impact of empirical studies in Requirements Engineering on industry practices?,How often are those who conduct the studies also the authors of the papers?,0.2244
4279,Which empirical methods are most commonly deployed in industry-academia collaborations in Requirements Engineering?,How has the proportion of each of the three levels of sophistication for theories from SE and RE evolved over time?,0.2243
4280,How can empirical research address the socio-technical aspects of Requirements Engineering?,How many theories from the SE and RE are there?,0.2241
4281,What are the future directions for empirical research in Requirements Engineering?,Do the authors refer to a reference (website or systematic review) that systematizes and characterizes the theory incorporated?,0.2241
4282,How can empirical methods be used to evaluate software requirements specifications?,How has the reporting of the objects of study / treatments evolved over time?,0.2241
4283,How can empirical studies in Requirements Engineering better address the needs of diverse stakeholders?,Do the authors refer to a reference (website or systematic review) that systematizes and characterizes the theory incorporated?,0.2240
4284,What are the implications of empirical research for the future of Requirements Engineering as a discipline?,How has the reporting of threats to validity evolved over time?,0.2240
4285,How can industry feedback be systematically incorporated into empirical Requirements Engineering research?,How has the proportion of each of the three levels of sophistication for theories from SE and RE evolved over time?,0.2238
4286,How can empirical research in Requirements Engineering contribute to improving software development processes?,"""Do the authors use standards to describe the theories incorporated (used, tested, modified, formulated)?""",0.2236
4287,What are the key variables studied in empirical Requirements Engineering research?,How has the use of theories for a diverse and reflective generalization of study results evolved over time?,0.2236
4288,Which empirical methods are most commonly deployed in industry-academia collaborations in Requirements Engineering?,How has the reporting of the setting evolved over time?,0.2236
4289,What are the ethical considerations in conducting empirical research in Requirements Engineering?,How often are which statistical methods used?,0.2235
4290,What are the common challenges encountered in conducting empirical case studies in Requirements Engineering?,Do authors report that assumptions and limitations of statistical methods are met before using them?,0.2235
4291,How can the constructs and variables used in empirical Requirements Engineering research be defined and operationalized?,Do the authors refer to a reference (website or systematic review) that systematizes and characterizes the theory incorporated?,0.2234
4292,What are the key challenges in synthesizing qualitative and quantitative data in Requirements Engineering research?,How has the proportion of papers that do not have an empirical study evolved over time?,0.2234
4293,How can the findings from empirical Requirements Engineering studies be synthesized and communicated to practitioners?,How has the use of power analysis and effect size estimation evolved over time?,0.2232
4294,How can empirical research in Requirements Engineering address the challenge of generalizability?,How has the reporting of threats to validity evolved over time?,0.2231
4295,What are the methods for triangulating data in empirical Requirements Engineering studies?,"""Do the authors refer to and consistently use a basic terminology, descriptors, and keywords to identify and select primary studies for (systematic literature) reviews?""",0.2229
4296,What are the methods for conducting effective surveys in Requirements Engineering research?,How has the use of power analysis and effect size estimation evolved over time?,0.2229
4297,What are the common challenges encountered in conducting empirical case studies in Requirements Engineering?,How has the use of theories for a diverse and reflective generalization of study results evolved over time?,0.2229
4298,What is the role of empirical methods in advancing the state-of-the-art in Requirements Engineering?,How has the use of theories for a diverse and reflective generalization of study results evolved over time?,0.2229
4299,How can empirical methods be used to study the effectiveness of Requirements Management practices?,"""Do the authors refer to and consistently use a basic terminology, descriptors, and keywords to identify and select primary studies for (systematic literature) reviews?""",0.2228
4300,How can the constructs and variables used in empirical Requirements Engineering research be defined and operationalized?,How has the use of power analysis and effect size estimation evolved over time?,0.2227
4301,How can the findings from empirical Requirements Engineering studies be synthesized and communicated to practitioners?,How has the use of statistical methods evolved over time?,0.2226
4302,"In what ways can empirical research methods be integrated into software engineering education, specifically for Requirements Engineering?","""Do the authors use standards to describe the theories incorporated (used, tested, modified, formulated)?""",0.2226
4303,What are the core empirical methods used in Requirements Engineering research?,How many theories from the SE and RE are there?,0.2225
4304,How can the external validity of empirical studies in Requirements Engineering be enhanced?,Do the authors use other channels to publish their results for making them available to industrial users?,0.2225
4305,How can the findings from empirical Requirements Engineering studies be synthesized and communicated to practitioners?,"""On which levels of sophistication are the theories from SE and RE? (level 1, level 2, or level 3 defined in Sjøberg et al. [1])""",0.2224
4306,What are the key success factors for empirical studies in Requirements Engineering?,How do the authors justify preventing bias in the study results?,0.2224
4307,What are the implications of heterogeneous interventions in empirical studies of Requirements Engineering?,How has the reporting of threats to validity evolved over time?,0.2224
4308,What are the implications of heterogeneous interventions in empirical studies of Requirements Engineering?,What types of threats to validity do the authors report?,0.2223
4309,What are the implications of heterogeneous interventions in empirical studies of Requirements Engineering?,How many studies incorporate theories?,0.2223
4310,How can empirical evidence in Requirements Engineering inform decision-making processes in software engineering?,"""For which purpose do authors incorporate theories into their studies (use, testing, modification, formulation)?""",0.2223
4311,How can empirical methods be used to study the effectiveness of Requirements Management practices?,How has the reporting of threats to validity evolved over time?,0.2222
4312,How can empirical research in Requirements Engineering be used to inform policy-making in software engineering?,Which digital libraries with publications from SE and RE and related disciplines do authors use for (systematic literature) reviews?,0.2222
4313,How can industry feedback be systematically incorporated into empirical Requirements Engineering research?,"""For which purpose do authors incorporate theories into their studies (use, testing, modification, formulation)?""",0.2222
4314,What are the methods for conducting effective surveys in Requirements Engineering research?,Do the authors refer to a reference (website or systematic review) that systematizes and characterizes the theory incorporated?,0.2221
4315,What are the guidelines for conducting high-quality empirical studies in Requirements Engineering?,Do the authors exlain WHEN their apporach is better than others in a selected context with specific characteristics?,0.2220
4316,Which empirical methods are most commonly deployed in industry-academia collaborations in Requirements Engineering?,How has the use of power analysis and effect size estimation evolved over time?,0.2220
4317,What are the trends in the methodological approaches used in empirical Requirements Engineering research?, How do the authors justify the lack of a proper study?,0.2219
4318,How can empirical evidence in Requirements Engineering inform decision-making processes in software engineering?,Do the authors exlain WHY their apporach is better than others in a selected context with specific characteristics?,0.2219
4319,How can empirical research in Requirements Engineering support the development of new tools and technologies?,"""Do electronic resources (digital libraries and databases) provide all the functionalies that support the identification, selection, and retrieval of bibliographic and full-text information about SE research?""",0.2219
4320,What is the role of empirical methods in advancing the state-of-the-art in Requirements Engineering?,Which digital libraries with publications from SE and RE and related disciplines do authors use for (systematic literature) reviews?,0.2219
4321,"In what ways can empirical research methods be integrated into software engineering education, specifically for Requirements Engineering?",How has the reporting of the subjects evolved over time?,0.2218
4322,How can the threats to internal and external validity be mitigated in empirical studies of Requirements Engineering?,How has the reporting of the tasks evolved over time?,0.2218
4323,What are the trends in the methodological approaches used in empirical Requirements Engineering research?,Do the authors use other channels to publish their results for making them available to industrial users?,0.2217
4324,How can empirical research in Requirements Engineering contribute to improving software development processes?,"""Do the authors refer to and consistently use a basic terminology, descriptors, and keywords to identify and select primary studies for (systematic literature) reviews?""",0.2216
4325,How can empirical research in Requirements Engineering support the development of new tools and technologies?,How has the proportion of each of the three levels of sophistication for theories from SE and RE evolved over time?,0.2215
4326,How can empirical evidence in Requirements Engineering inform decision-making processes in software engineering?,How has the use of power analysis and effect size estimation evolved over time?,0.2214
4327,How can the effectiveness of empirical methods in Requirements Engineering be assessed?,How has the reporting of the objects of study / treatments evolved over time?,0.2214
4328,How can the effectiveness of empirical methods in Requirements Engineering be assessed?,What is the proportion of each of the three levels of sophistication for theories from SE and RE?,0.2213
4329,How can empirical research in Requirements Engineering address the needs of global software development teams?,"""Do the authors use standards to describe the theories incorporated (used, tested, modified, formulated)?""",0.2213
4330,What are the key challenges in synthesizing qualitative and quantitative data in Requirements Engineering research?,How many studies incorporate theories?,0.2213
4331,How can empirical data from multiple studies be effectively integrated in Requirements Engineering research?,Do the authors exlain WHY their apporach is better than others in a selected context with specific characteristics?,0.2212
4332,How can empirical research support the development of more effective Requirements Elicitation techniques?,How has the incorporation of theories in studies evolved over time?,0.2212
4333,How can the scope of empirical studies in Requirements Engineering be systematically defined and reported?,How do the authors justify preventing bias in the study results?,0.2212
4334,What are the ethical considerations in conducting empirical research in Requirements Engineering?,Do the authors use other channels to publish their results for making them available to industrial users?,0.2212
4335,How can biases be minimized in empirical studies of Requirements Engineering?,How many studies incorporate theories?,0.2212
4336,How can empirical studies support the validation and refinement of Requirements Engineering theories?,How has the reporting of the setting evolved over time?,0.2211
4337,What are the ethical considerations in conducting empirical research in Requirements Engineering?,How has the use of theories for a diverse and reflective generalization of study results evolved over time?,0.2211
4338,What are the key success factors for empirical studies in Requirements Engineering?,What types of threats to validity do the authors report?,0.2210
4339,What are the major challenges in applying empirical methods to Requirements Engineering research?,How has the incorporation of theories in studies evolved over time?,0.2210
4340,What is the role of empirical methods in advancing the state-of-the-art in Requirements Engineering?,What is the proportion of each of the three levels of sophistication for theories from SE and RE?,0.2210
4341,What are the core empirical methods used in Requirements Engineering research?,How has the use of power analysis and effect size estimation evolved over time?,0.2209
4342,What are the best practices for designing and conducting action research in Requirements Engineering?,Do the authors use (a common set of empirically derived) criteria to assess the quality of individual studies?,0.2208
4343,How can empirical data from multiple studies be effectively integrated in Requirements Engineering research?,How has the reporting of threats to validity evolved over time?,0.2208
4344,What are the criteria for assessing the credibility of empirical research findings in Requirements Engineering?,"""What is the proportion of theories from other disciplines, from other disciplines with adaptions for the SE and RE, and from SE and RE itself?""",0.2207
4345,How can empirical research support the development of more effective Requirements Elicitation techniques?,How has the number of theories from SE and RE evolved over time?,0.2207
4346,What criteria are used to evaluate the quality of empirical studies in Requirements Engineering?,How has the use of statistical methods evolved over time?,0.2207
4347,How can empirical research findings in Requirements Engineering be made more accessible to practitioners?,"""Do electronic resources (digital libraries and databases) provide all the functionalies that support the identification, selection, and retrieval of bibliographic and full-text information about SE research?""",0.2207
4348,How can empirical research in Requirements Engineering benefit from interdisciplinary approaches?,Do the authors exlain WHEN their apporach is better than others in a selected context with specific characteristics?,0.2207
4349,How can empirical research in Requirements Engineering support the development of industry-relevant guidelines and checklists?,Do the authors exlain WHY their apporach is better than others in a selected context with specific characteristics?,0.2206
4350,What are the methods for triangulating data in empirical Requirements Engineering studies?,Have the authors done a systematic review of related work?,0.2206
4351,What are the core empirical methods used in Requirements Engineering research?,How has the incorporation of theories in studies evolved over time?,0.2206
4352,How can the relevance and impact of empirical studies in Requirements Engineering be increased?,Do the authors use multiple digital libraries including publications from SE and RE and related disciplines for (systematic literature) reviews?,0.2205
4353,How can the findings from empirical Requirements Engineering studies be synthesized and communicated to practitioners?,Do the authors exlain WHY their apporach is better than others in a selected context with specific characteristics?,0.2205
4354,What are the criteria for selecting appropriate empirical methods for specific research questions in Requirements Engineering?,What types of threats to validity do the authors report?,0.2204
4355,How can empirical research support the development of more effective Requirements Elicitation techniques?,Do the authors refer to a reference (website or systematic review) that systematizes and characterizes the theory incorporated?,0.2203
4356,How can empirical methods be used to study the effectiveness of Requirements Management practices?,Do the authors refer to a reference (website or systematic review) that systematizes and characterizes the theory incorporated?,0.2202
4357,What are the methods for assessing the impact of empirical studies in Requirements Engineering on industry practices?,How has the proportion of each of the three levels of sophistication for theories from SE and RE evolved over time?,0.2202
4358,How can empirical research contribute to the development of standardized practices in Requirements Engineering?,Do the authors use other channels to publish their results for making them available to industrial users?,0.2201
4359,How can the threats to internal and external validity be mitigated in empirical studies of Requirements Engineering?,How often are which empirical methods used?,0.2201
4360,What mechanisms exist to facilitate industry-academia collaboration in empirical Requirements Engineering research?,Do the authors refer to a reference (website or systematic review) that systematizes and characterizes the theory incorporated?,0.2199
4361,How can empirical research contribute to the development of standardized practices in Requirements Engineering?,How has the use of power analysis and effect size estimation evolved over time?,0.2199
4362,How can empirical research support the development of more effective Requirements Elicitation techniques?,How has the proportion of each of the three levels of sophistication for theories from SE and RE evolved over time?,0.2199
4363,How can the effectiveness of empirical methods in Requirements Engineering be assessed?,How has the use of power analysis and effect size estimation evolved over time?,0.2199
4364,What are the critical success factors for industry-academia research collaborations in Requirements Engineering?,How often are standards used to describe the theories incorporated?,0.2199
4365,What are the major challenges in applying empirical methods to Requirements Engineering research?,Does the research design allow for efficient reuse of study (results) by other researchers?,0.2198
4366,How can the effectiveness of empirical methods in Requirements Engineering be assessed?,How has the reporting of the subjects evolved over time?,0.2198
4367,How can the effectiveness of empirical methods in Requirements Engineering be assessed?,How has the reporting of the setting evolved over time?,0.2198
4368,How can empirical research in Requirements Engineering benefit from interdisciplinary approaches?,How has the reporting of the setting evolved over time?,0.2198
4369,What are the critical research gaps in the empirical study of Requirements Engineering?,"""What is the proportion of theories from other disciplines, from other disciplines with adaptions for the SE and RE, and from SE and RE itself?""",0.2197
4370,What are the common challenges encountered in conducting empirical case studies in Requirements Engineering?,How many studies incorporate theories?,0.2197
4371,What are the guidelines for conducting high-quality empirical studies in Requirements Engineering?,How has the proportion of pure demonstrations (proof of concept) and simple experience reports (lessons learned) evolved over time?,0.2196
4372,What are the key success factors for empirical studies in Requirements Engineering?,Does the research design allow for efficient reuse of study (results) by other researchers?,0.2196
4373,What are the major challenges in applying empirical methods to Requirements Engineering research?,Do the authors refer to a reference (website or systematic review) that systematizes and characterizes the theory incorporated?,0.2195
4374,What are the critical research gaps in the empirical study of Requirements Engineering?,How has the incorporation of theories in studies evolved over time?,0.2194
4375,What are the considerations for designing controlled experiments in Requirements Engineering?,How has the use of (a common set of empirically derived) criteria to assess the quality of individual studies evolved over time?,0.2194
4376,How can empirical research findings in Requirements Engineering be made more accessible to practitioners?,Do the authors exlain WHEN their apporach is better than others in a selected context with specific characteristics?,0.2194
4377,What are the lessons learned from past empirical studies in Requirements Engineering?,How many theories from the SE and RE are there?,0.2194
4378,What are the key variables studied in empirical Requirements Engineering research?,Do the authors exlain WHEN their apporach is better than others in a selected context with specific characteristics?,0.2192
4379,How can empirical methods guide the development of new SE technology in Requirements Engineering?,Do the authors use multiple digital libraries including publications from SE and RE and related disciplines for (systematic literature) reviews?,0.2192
4380,How can empirical methods be used to evaluate the impact of new Requirements Engineering techniques?,What is the proportion of each of the three levels of sophistication for theories from SE and RE?,0.2192
4381,What are the core empirical methods used in Requirements Engineering research?,How has the reporting of the setting evolved over time?,0.2192
4382,Which empirical methods are recommended for synthesizing evidence in Requirements Engineering?,Do the authors exlain WHEN their apporach is better than others in a selected context with specific characteristics?,0.2191
4383,What are the implications of empirical research for Requirements Engineering education and training?,"""What is the proportion of theories from other disciplines, from other disciplines with adaptions for the SE and RE, and from SE and RE itself?""",0.2191
4384,Which empirical methods are recommended for synthesizing evidence in Requirements Engineering?,How has the use of power analysis and effect size estimation evolved over time?,0.2191
4385,How can empirical research in Requirements Engineering address the challenge of generalizability?, How do the authors justify the lack of a proper study?,0.2191
4386,How can the scope of empirical studies in Requirements Engineering be systematically defined and reported?,How has the proportion of each of the three levels of sophistication for theories from SE and RE evolved over time?,0.2190
4387,How can empirical research findings in Requirements Engineering be made more accessible to practitioners?,How many theories from the SE and RE are there?,0.2190
4388,How can empirical evidence in Requirements Engineering inform decision-making processes in software engineering?,"""Do the authors use standards to describe the theories incorporated (used, tested, modified, formulated)?""",0.2189
4389,What are the key success factors for empirical studies in Requirements Engineering?,Do the authors refer to a reference (website or systematic review) that systematizes and characterizes the theory incorporated?,0.2188
4390,How can empirical research support the development of more effective Requirements Elicitation techniques?,How many theories from the SE and RE are there?,0.2187
4391,"In what ways can empirical research methods be integrated into software engineering education, specifically for Requirements Engineering?",How has the use of language (academic vs. plain) in scientific publications evolved over time?,0.2186
4392,What are the methods for assessing the impact of empirical studies in Requirements Engineering on industry practices?,What is the proportion of each of the three levels of sophistication for theories from SE and RE?,0.2186
4393,How can empirical research in Requirements Engineering support the development of new tools and technologies?,Do authors report that assumptions and limitations of statistical methods are met before using them?,0.2185
4394,What is the role of empirical methods in advancing the state-of-the-art in Requirements Engineering?,Do the authors use multiple digital libraries including publications from SE and RE and related disciplines for (systematic literature) reviews?,0.2184
4395,What are the guidelines for conducting high-quality empirical studies in Requirements Engineering?,How has the use of theories for a diverse and reflective generalization of study results evolved over time?,0.2184
4396,How can the effectiveness of empirical methods in Requirements Engineering be assessed?,Do the authors exlain WHEN their apporach is better than others in a selected context with specific characteristics?,0.2184
4397,How can empirical methods guide the development of new SE technology in Requirements Engineering?,Which digital libraries with publications from SE and RE and related disciplines do authors use for (systematic literature) reviews?,0.2184
4398,Which empirical methods are most commonly deployed in industry-academia collaborations in Requirements Engineering?,How has the reporting of the context evolved over time?,0.2183
4399,How can empirical research in Requirements Engineering contribute to improving software development processes?,How has the number of theories from SE and RE evolved over time?,0.2183
4400,How can empirical research in Requirements Engineering contribute to improving software development processes?,Do the authors exlain HOW their apporach is better than others in a selected context with specific characteristics?,0.2183
4401,What are the implications of empirical research for the future of Requirements Engineering as a discipline?,How has the proportion of pure demonstrations (proof of concept) and simple experience reports (lessons learned) evolved over time?,0.2182
4402,What are the methods for evaluating the reliability of empirical data in Requirements Engineering research?,Do the authors exlain HOW their apporach is better than others in a selected context with specific characteristics?,0.2182
4403,What are the lessons learned from past empirical studies in Requirements Engineering?,"""How has the proportion of theories from other disciplines, from other disciplines with adaptions for the SE (RE), and from SE (RE) itself evolved over time?""",0.2182
4404,What are the lessons learned from past empirical studies in Requirements Engineering?,Do the authors exlain WHY their apporach is better than others in a selected context with specific characteristics?,0.2181
4405,What are the key variables studied in empirical Requirements Engineering research?, How do the authors justify the lack of a proper study?,0.2180
4406,What are the lessons learned from past empirical studies in Requirements Engineering?,Do the authors use multiple digital libraries including publications from SE and RE and related disciplines for (systematic literature) reviews?,0.2180
4407,How can empirical research in Requirements Engineering benefit from interdisciplinary approaches?,How often are those who conduct the studies also the authors of the papers?,0.2180
4408,How can the findings from empirical Requirements Engineering studies be synthesized and communicated to practitioners?,How has the number of theories from SE and RE evolved over time?,0.2180
4409,What are the criteria for assessing the credibility of empirical research findings in Requirements Engineering?,Do the authors use other channels to publish their results for making them available to industrial users?,0.2179
4410,How can empirical research findings in Requirements Engineering be made more accessible to practitioners?,How has the use of power analysis and effect size estimation evolved over time?,0.2179
4411,What are the common challenges encountered in conducting empirical case studies in Requirements Engineering?,Do the authors exlain HOW their apporach is better than others in a selected context with specific characteristics?,0.2179
4412,What are the common themes in the empirical literature on Requirements Engineering?,What types of threats to validity do the authors report?,0.2178
4413,What are the common themes in the empirical literature on Requirements Engineering?,How has the proportion of each of the three levels of sophistication for theories from SE and RE evolved over time?,0.2178
4414,What role do replications play in ensuring the robustness of empirical studies in Requirements Engineering?,Do the authors exlain WHEN their apporach is better than others in a selected context with specific characteristics?,0.2178
4415,How can empirical research in Requirements Engineering support the development of industry-relevant guidelines and checklists?,How has the proportion of pure demonstrations (proof of concept) and simple experience reports (lessons learned) evolved over time?,0.2177
4416,What are the considerations for designing controlled experiments in Requirements Engineering?,How has the reporting of the objects of study / treatments evolved over time?,0.2177
4417,What are the implications of empirical research for the future of Requirements Engineering as a discipline?,How has the use of statistical methods evolved over time?,0.2177
4418,How can empirical research in Requirements Engineering contribute to improving software development processes?,Do the authors exlain WHY their apporach is better than others in a selected context with specific characteristics?,0.2176
4419,What are the implications of empirical research for Requirements Engineering education and training?,How has the use of statistical methods evolved over time?,0.2176
4420,What are the critical success factors for industry-academia research collaborations in Requirements Engineering?,"""Do the authors refer to and consistently use a basic terminology, descriptors, and keywords to identify and select primary studies for (systematic literature) reviews?""",0.2175
4421,Which empirical methods are most commonly deployed in industry-academia collaborations in Requirements Engineering?,What types of threats to validity do the authors report?,0.2175
4422,What are the standards for documenting and sharing empirical research data in Requirements Engineering?,How has the use of power analysis and effect size estimation evolved over time?,0.2173
4423,How can empirical studies support the validation and refinement of Requirements Engineering theories?,How has the use of power analysis and effect size estimation evolved over time?,0.2173
4424,What are the key success factors for empirical studies in Requirements Engineering?,How has the number of theories from SE and RE evolved over time?,0.2173
4425,What are the considerations for designing controlled experiments in Requirements Engineering?,Do authors report that assumptions and limitations of statistical methods are met before using them?,0.2172
4426,How can empirical studies in Requirements Engineering better address the needs of diverse stakeholders?,How has the number of theories from SE and RE evolved over time?,0.2172
4427,How can industry feedback be systematically incorporated into empirical Requirements Engineering research?,How do the authors justify preventing bias in the study results?,0.2172
4428,What role do replications play in ensuring the robustness of empirical studies in Requirements Engineering?,"""Do electronic resources (digital libraries and databases) provide all the functionalies that support the identification, selection, and retrieval of bibliographic and full-text information about SE research?""",0.2172
4429,How can the reproducibility of empirical studies in Requirements Engineering be ensured?,How often are those who conduct the studies also the authors of the papers?,0.2172
4430,How can the constructs and variables used in empirical Requirements Engineering research be defined and operationalized?,How has the incorporation of theories in studies evolved over time?,0.2171
4431,How can empirical research in Requirements Engineering benefit from interdisciplinary approaches?,"""Do the authors use standards to describe the theories incorporated (used, tested, modified, formulated)?""",0.2171
4432,What are the methods for conducting effective surveys in Requirements Engineering research?,How has the proportion of pure demonstrations (proof of concept) and simple experience reports (lessons learned) evolved over time?,0.2171
4433,How can empirical studies in Requirements Engineering better address the needs of diverse stakeholders?,"""What is the proportion of theories from other disciplines, from other disciplines with adaptions for the SE and RE, and from SE and RE itself?""",0.2170
4434,"How can empirical methods in Requirements Engineering be adapted to address complex, real-world problems?","""Do the authors synthesize and present the results as checklists or guidelines applicable for industrial users, such as policy-makers, practitioners, and the general public?""",0.2169
4435,How can empirical research findings in Requirements Engineering be made more accessible to practitioners?,What types of threats to validity do the authors report?,0.2169
4436,How can the findings from empirical Requirements Engineering studies be synthesized and communicated to practitioners?,How many theories from the SE and RE are there?,0.2169
4437,How can empirical research address the socio-technical aspects of Requirements Engineering?,"""What is the proportion of theories from other disciplines, from other disciplines with adaptions for the SE and RE, and from SE and RE itself?""",0.2169
4438,What are the guidelines for conducting high-quality empirical studies in Requirements Engineering?,Do the authors exlain WHY their apporach is better than others in a selected context with specific characteristics?,0.2168
4439,How can empirical research in Requirements Engineering contribute to improving software development processes?,How has the use of power analysis and effect size estimation evolved over time?,0.2168
4440,What are the best practices for conducting systematic reviews in empirical Requirements Engineering research?,How has the proportion of pure demonstrations (proof of concept) and simple experience reports (lessons learned) evolved over time?,0.2168
4441,What are the implications of empirical research for Requirements Engineering education and training?,How has the number of theories from SE and RE evolved over time?,0.2167
4442,How can empirical findings in Requirements Engineering be translated into best practices?,How has the use of statistical methods evolved over time?,0.2167
4443,What are the considerations for designing controlled experiments in Requirements Engineering?,"""How has the provision of data (the materials used, raw data collected, and study results identified) evolved over time?""",0.2167
4444,What are the primary research questions addressed by empirical methods in Requirements Engineering studies?,How has the use of language (academic vs. plain) in scientific publications evolved over time?,0.2166
4445,What are the considerations for designing controlled experiments in Requirements Engineering?,Do the authors exlain HOW their apporach is better than others in a selected context with specific characteristics?,0.2166
4446,How can the constructs and variables used in empirical Requirements Engineering research be defined and operationalized?,What is the proportion of each of the three levels of sophistication for theories from SE and RE?,0.2166
4447,How can empirical research in Requirements Engineering address the challenge of generalizability?,How many publications are analyzed in (systematic literature) reviews?,0.2166
4448,What are the lessons learned from past empirical studies in Requirements Engineering?,What types of threats to validity do the authors report?,0.2163
4449,How can empirical research in Requirements Engineering be used to inform policy-making in software engineering?,Do the authors use multiple digital libraries including publications from SE and RE and related disciplines for (systematic literature) reviews?,0.2163
4450,How can empirical research contribute to the development of standardized practices in Requirements Engineering?,How many studies incorporate theories?,0.2163
4451,How can empirical research in Requirements Engineering address the needs of global software development teams?,How has the use of power analysis and effect size estimation evolved over time?,0.2163
4452,What is the role of empirical methods in advancing the state-of-the-art in Requirements Engineering?,How has the proportion of each of the three levels of sophistication for theories from SE and RE evolved over time?,0.2162
4453,How can the constructs and variables used in empirical Requirements Engineering research be defined and operationalized?, How do the authors justify the lack of a proper study?,0.2160
4454,What are the key success factors for empirical studies in Requirements Engineering?,Do the authors exlain WHEN their apporach is better than others in a selected context with specific characteristics?,0.2160
4455,What are the core empirical methods used in Requirements Engineering research?,How has the proportion of each of the three levels of sophistication for theories from SE and RE evolved over time?,0.2160
4456,How can empirical research address the socio-technical aspects of Requirements Engineering?,What types of threats to validity do the authors report?,0.2160
4457,How can the relevance and impact of empirical studies in Requirements Engineering be increased?,Do the authors exlain WHEN their apporach is better than others in a selected context with specific characteristics?,0.2160
4458,What are the criteria for assessing the credibility of empirical research findings in Requirements Engineering?,How has the use of power analysis and effect size estimation evolved over time?,0.2159
4459,How can empirical research in Requirements Engineering benefit from interdisciplinary approaches?,How has the use of power analysis and effect size estimation evolved over time?,0.2159
4460,How can empirical research in Requirements Engineering contribute to improving software development processes?,How has the reporting of threats to validity evolved over time?,0.2159
4461,How can empirical methods guide the development of new SE technology in Requirements Engineering?,"""Do electronic resources (digital libraries and databases) provide all the functionalies that support the identification, selection, and retrieval of bibliographic and full-text information about SE research?""",0.2159
4462,What are the trends in the methodological approaches used in empirical Requirements Engineering research?,Does the research design allow for efficient reuse of study (results) by other researchers?,0.2158
4463,How can empirical evidence in Requirements Engineering inform decision-making processes in software engineering?,Do the authors refer to a reference (website or systematic review) that systematizes and characterizes the theory incorporated?,0.2158
4464,How can the scope of empirical studies in Requirements Engineering be systematically defined and reported?,How has the use of statistical methods evolved over time?,0.2158
4465,What are the guidelines for conducting high-quality empirical studies in Requirements Engineering?,Does the research design allow for efficient reuse of study (results) by other researchers?,0.2158
4466,How can empirical data from multiple studies be effectively integrated in Requirements Engineering research?,Do the authors use other channels to publish their results for making them available to industrial users?,0.2158
4467,How can the findings from empirical Requirements Engineering studies be synthesized and communicated to practitioners?,How often are which statistical methods used?,0.2157
4468,What are the considerations for designing controlled experiments in Requirements Engineering?,Which sub-fields of SE and RE do the empirical studies cover over time?,0.2157
4469,How can empirical data from multiple studies be effectively integrated in Requirements Engineering research?,What is the proportion of each of the three levels of sophistication for theories from SE and RE?,0.2157
4470,What are the core empirical methods used in Requirements Engineering research?,"""On which levels of sophistication are the theories from SE and RE? (level 1, level 2, or level 3 defined in Sjøberg et al. [1])""",0.2156
4471,What are the ethical considerations in conducting empirical research in Requirements Engineering?,How has the use of statistical methods evolved over time?,0.2156
4472,How can empirical data from multiple studies be effectively integrated in Requirements Engineering research?,How has the proportion of each of the three levels of sophistication for theories from SE and RE evolved over time?,0.2156
4473,Which empirical methods are recommended for synthesizing evidence in Requirements Engineering?,Do the authors exlain WHY their apporach is better than others in a selected context with specific characteristics?,0.2156
4474,What are the critical research gaps in the empirical study of Requirements Engineering?,What types of threats to validity do the authors report?,0.2155
4475,How can the scope of empirical studies in Requirements Engineering be systematically defined and reported?,"""What is the proportion of theories from other disciplines, from other disciplines with adaptions for the SE and RE, and from SE and RE itself?""",0.2155
4476,What mechanisms exist to facilitate industry-academia collaboration in empirical Requirements Engineering research?,How many theories from the SE and RE are there?,0.2155
4477,How can empirical studies in Requirements Engineering better address the needs of diverse stakeholders?,How many theories from the SE and RE are there?,0.2154
4478,How has the use of empirical methods in Requirements Engineering evolved over time?,Does the research design allow for efficient reuse of study (results) by other researchers?,0.2154
4479,How can empirical research in Requirements Engineering support the development of industry-relevant guidelines and checklists?,How often are which statistical methods used?,0.2153
4480,How can the relevance and impact of empirical studies in Requirements Engineering be increased?,How has the use of language (academic vs. plain) in scientific publications evolved over time?,0.2153
4481,How can the threats to internal and external validity be mitigated in empirical studies of Requirements Engineering?,How has the reporting of research questions and answers evolved over time?,0.2152
4482,How can the constructs and variables used in empirical Requirements Engineering research be defined and operationalized?,How has the proportion of pure demonstrations (proof of concept) and simple experience reports (lessons learned) evolved over time?,0.2152
4483,What are the methods for evaluating the reliability of empirical data in Requirements Engineering research?,Do the authors refer to a reference (website or systematic review) that systematizes and characterizes the theory incorporated?,0.2151
4484,What are the best practices for reporting empirical research findings in Requirements Engineering?,How often are those who conduct the studies also the authors of the papers?,0.2151
4485,How can empirical research support the development of more effective Requirements Elicitation techniques?,"""On which levels of sophistication are the theories from SE and RE? (level 1, level 2, or level 3 defined in Sjøberg et al. [1])""",0.2151
4486,What are the major challenges in applying empirical methods to Requirements Engineering research?,Do the authors use multiple digital libraries including publications from SE and RE and related disciplines for (systematic literature) reviews?,0.2151
4487,How can empirical research in Requirements Engineering be used to inform policy-making in software engineering?,How has the reporting of the subjects evolved over time?,0.2151
4488,What are the implications of empirical research for the future of Requirements Engineering as a discipline?,How has the reporting of the context evolved over time?,0.2150
4489,How can empirical data from multiple studies be effectively integrated in Requirements Engineering research?,"""Do the authors use standards to describe the theories incorporated (used, tested, modified, formulated)?""",0.2150
4490,What are the common themes in the empirical literature on Requirements Engineering?,"""How up-to-date (and relevant) are reported (systematic) reviews, so-called secondary research?""",0.2149
4491,What are the key variables studied in empirical Requirements Engineering research?,What types of threats to validity do the authors report?,0.2149
4492,How can empirical findings in Requirements Engineering be validated through multiple studies and contexts?,Which digital libraries with publications from SE and RE and related disciplines do authors use for (systematic literature) reviews?,0.2148
4493,What are the methods for evaluating the reliability of empirical data in Requirements Engineering research?,How has the use of power analysis and effect size estimation evolved over time?,0.2146
4494,How can empirical research in Requirements Engineering address the challenge of generalizability?,How has the use of power analysis and effect size estimation evolved over time?,0.2146
4495,What are the primary research questions addressed by empirical methods in Requirements Engineering studies?,How has the number of theories from SE and RE evolved over time?,0.2145
4496,What are the best practices for designing and conducting action research in Requirements Engineering?,How often are which empirical methods used?,0.2144
4497,What are the implications of empirical research for Requirements Engineering education and training?,How often are those who conduct the studies also the authors of the papers?,0.2143
4498,How can the effectiveness of empirical methods in Requirements Engineering be assessed?,How has the use of theories for a diverse and reflective generalization of study results evolved over time?,0.2143
4499,How can empirical research in Requirements Engineering benefit from interdisciplinary approaches?,Do the authors use other channels to publish their results for making them available to industrial users?,0.2142
4500,How can empirical studies in Requirements Engineering better address the needs of diverse stakeholders?,How has the incorporation of theories in studies evolved over time?,0.2142
4501,How can empirical methods guide the development of new SE technology in Requirements Engineering?,Do the authors refer to a reference (website or systematic review) that systematizes and characterizes the theory incorporated?,0.2142
4502,What are the key challenges in synthesizing qualitative and quantitative data in Requirements Engineering research?,How has the proportion of pure demonstrations (proof of concept) and simple experience reports (lessons learned) evolved over time?,0.2141
4503,What are the considerations for designing controlled experiments in Requirements Engineering?,"""How has the proportions of  empirical methods to conduct (systematic literature) reviews, so-called secondary research, evolved over time?""",0.2141
4504,How can the use of empirical methods in Requirements Engineering research be improved?,Which digital libraries with publications from SE and RE and related disciplines do authors use for (systematic literature) reviews?,0.2140
4505,What are the implications of empirical research for Requirements Engineering education and training?,How has the reporting of the context evolved over time?,0.2140
4506,What are the considerations for designing controlled experiments in Requirements Engineering?,How many studies incorporate theories?,0.2140
4507,What are the key variables studied in empirical Requirements Engineering research?,How has the proportion of pure demonstrations (proof of concept) and simple experience reports (lessons learned) evolved over time?,0.2140
4508,What are the critical research gaps in the empirical study of Requirements Engineering?,How has the reporting of the objects of study / treatments evolved over time?,0.2139
4509,How can empirical methods be used to evaluate software requirements specifications?,What types of threats to validity do the authors report?,0.2137
4510,What are the future directions for empirical research in Requirements Engineering?,How has the incorporation of theories in studies evolved over time?,0.2137
4511,What are the key success factors for empirical studies in Requirements Engineering?,How often are those who conduct the studies also the authors of the papers?,0.2137
4512,How can empirical methods be used to evaluate software requirements specifications?,What is the proportion of each of the three levels of sophistication for theories from SE and RE?,0.2137
4513,How can empirical research in Requirements Engineering support the development of new tools and technologies?, How do the authors justify the lack of a proper study?,0.2137
4514,How can empirical research in Requirements Engineering address the needs of global software development teams?,"""Do the authors refer to and consistently use a basic terminology, descriptors, and keywords to identify and select primary studies for (systematic literature) reviews?""",0.2137
4515,How can empirical research in Requirements Engineering support the development of new tools and technologies?,"""How has the proportion of theories from other disciplines, from other disciplines with adaptions for the SE (RE), and from SE (RE) itself evolved over time?""",0.2135
4516,What is the role of empirical methods in advancing the state-of-the-art in Requirements Engineering?,How has the incorporation of theories in studies evolved over time?,0.2135
4517,What are the key variables studied in empirical Requirements Engineering research?,How has the reporting of the objects of study / treatments evolved over time?,0.2135
4518,What are the key variables studied in empirical Requirements Engineering research?,How has the reporting of the setting evolved over time?,0.2134
4519,"How can empirical methods in Requirements Engineering be adapted to address complex, real-world problems?","""For which purpose do authors incorporate theories into their studies (use, testing, modification, formulation)?""",0.2134
4520,What are the methods for triangulating data in empirical Requirements Engineering studies?,How many studies incorporate theories?,0.2133
4521,What are the critical research gaps in the empirical study of Requirements Engineering?,How has the number of theories from SE and RE evolved over time?,0.2131
4522,What are the best practices for reporting empirical research findings in Requirements Engineering?,How has the incorporation of theories in studies evolved over time?,0.2131
4523,How can empirical studies in Requirements Engineering be made more rigorous and impactful?,How has the use of language (academic vs. plain) in scientific publications evolved over time?,0.2131
4524,How can empirical research in Requirements Engineering address the challenge of generalizability?,"""How up-to-date (and relevant) are reported (systematic) reviews, so-called secondary research?""",0.2130
4525,Which empirical methods are most commonly deployed in industry-academia collaborations in Requirements Engineering?,Do the authors exlain WHY their apporach is better than others in a selected context with specific characteristics?,0.2129
4526,How can empirical methods be used to evaluate the impact of new Requirements Engineering techniques?,What types of threats to validity do the authors report?,0.2129
4527,What are the guidelines for conducting high-quality empirical studies in Requirements Engineering?,How many theories from the SE and RE are there?,0.2128
4528,How can the relevance and impact of empirical studies in Requirements Engineering be increased?,How often are which statistical methods used?,0.2128
4529,How can empirical research in Requirements Engineering be used to support continuous improvement in software processes?,Which digital libraries with publications from SE and RE and related disciplines do authors use for (systematic literature) reviews?,0.2127
4530,What methods are used to ensure the reliability and validity of empirical data in Requirements Engineering research?,Do the authors exlain WHY their apporach is better than others in a selected context with specific characteristics?,0.2126
4531,Which empirical methods are recommended for synthesizing evidence in Requirements Engineering?,Do the authors use multiple digital libraries including publications from SE and RE and related disciplines for (systematic literature) reviews?,0.2125
4532,What are the considerations for designing controlled experiments in Requirements Engineering?,How often are which empirical methods used over time?,0.2125
4533,What are the standards for documenting and sharing empirical research data in Requirements Engineering?,How has comparing new approaches with relevant alternative approaches used in the industry evolved over time?,0.2125
4534,How can the use of empirical methods in Requirements Engineering research be improved?,How has the number of theories from SE and RE evolved over time?,0.2124
4535,What are the best practices for designing and conducting action research in Requirements Engineering?,How has the reporting of the setting evolved over time?,0.2124
4536,How can the reproducibility of empirical studies in Requirements Engineering be ensured?,"""What is the proportion of theories from other disciplines, from other disciplines with adaptions for the SE and RE, and from SE and RE itself?""",0.2123
4537,How can empirical evidence in Requirements Engineering inform decision-making processes in software engineering?,What types of threats to validity do the authors report?,0.2122
4538,What are the implications of empirical research for the future of Requirements Engineering as a discipline?,"""What is the proportion of theories from other disciplines, from other disciplines with adaptions for the SE and RE, and from SE and RE itself?""",0.2121
4539,How can empirical research contribute to the development of standardized practices in Requirements Engineering?,Do the authors exlain HOW their apporach is better than others in a selected context with specific characteristics?,0.2120
4540,What are the methods for triangulating data in empirical Requirements Engineering studies?,How has the proportion of pure demonstrations (proof of concept) and simple experience reports (lessons learned) evolved over time?,0.2120
4541,What are the common challenges encountered in conducting empirical case studies in Requirements Engineering?,Do the authors exlain WHY their apporach is better than others in a selected context with specific characteristics?,0.2120
4542,How can empirical studies in Requirements Engineering better address the needs of diverse stakeholders?,How has the proportion of each of the three levels of sophistication for theories from SE and RE evolved over time?,0.2119
4543,What are the core empirical methods used in Requirements Engineering research?,Does the research design allow for efficient reuse of study (results) by other researchers?,0.2119
4544,What are the common themes in the empirical literature on Requirements Engineering?,"""What is the proportion of theories from other disciplines, from other disciplines with adaptions for the SE and RE, and from SE and RE itself?""",0.2118
4545,What are the critical success factors for industry-academia research collaborations in Requirements Engineering?,How has the proportion of each of the three levels of sophistication for theories from SE and RE evolved over time?,0.2116
4546,How can empirical research in Requirements Engineering support the development of industry-relevant guidelines and checklists?,Does the research design allow for efficient reuse of study (results) by other researchers?,0.2116
4547,What are the ethical considerations in conducting empirical research in Requirements Engineering?,How has the incorporation of theories in studies evolved over time?,0.2115
4548,How can empirical data from multiple studies be effectively integrated in Requirements Engineering research?,How many theories from the SE and RE are there?,0.2115
4549,What are the considerations for designing controlled experiments in Requirements Engineering?,Have the authors done a systematic review of related work?,0.2115
4550,What are the methods for conducting effective surveys in Requirements Engineering research?,Do the authors use multiple digital libraries including publications from SE and RE and related disciplines for (systematic literature) reviews?,0.2115
4551,How can empirical studies support the validation and refinement of Requirements Engineering theories?,How often are which statistical methods used?,0.2114
4552,How can empirical research findings in Requirements Engineering be made more accessible to practitioners?,"""How has the proportion of theories from other disciplines, from other disciplines with adaptions for the SE (RE), and from SE (RE) itself evolved over time?""",0.2113
4553,How can the use of empirical methods in Requirements Engineering research be improved?,Do the authors use multiple digital libraries including publications from SE and RE and related disciplines for (systematic literature) reviews?,0.2112
4554,What are the implications of empirical research for the future of Requirements Engineering as a discipline?,How has the incorporation of theories in studies evolved over time?,0.2112
4555,How can the external validity of empirical studies in Requirements Engineering be enhanced?,How has the proportion of each of the three levels of sophistication for theories from SE and RE evolved over time?,0.2112
4556,What are the critical research gaps in the empirical study of Requirements Engineering?,Do authors report that assumptions and limitations of statistical methods are met before using them?,0.2111
4557,How can empirical methods be used to evaluate software requirements specifications?,How has the use of triangulation for research design evolved over time?,0.2111
4558,What are the major challenges in applying empirical methods to Requirements Engineering research?,Do the authors exlain WHEN their apporach is better than others in a selected context with specific characteristics?,0.2110
4559,How do empirical studies in Requirements Engineering integrate quantitative and qualitative approaches?,What is the proportion of each of the three levels of sophistication for theories from SE and RE?,0.2110
4560,How has the use of empirical methods in Requirements Engineering evolved over time?,Do the authors use multiple digital libraries including publications from SE and RE and related disciplines for (systematic literature) reviews?,0.2108
4561,What are the considerations for designing controlled experiments in Requirements Engineering?,"""What empirical methods are used to conduct integrative and interpretive (systematic literature) reviews, so-called secondary research?""",0.2108
4562,How can empirical research in Requirements Engineering contribute to theory building?,Do the authors use multiple digital libraries including publications from SE and RE and related disciplines for (systematic literature) reviews?,0.2105
4563,What are the implications of empirical research for the future of Requirements Engineering as a discipline?,"""Do the authors refer to and consistently use a basic terminology, descriptors, and keywords to identify and select primary studies for (systematic literature) reviews?""",0.2105
4564,How can empirical research in Requirements Engineering be used to inform policy-making in software engineering?,"""Do electronic resources (digital libraries and databases) provide all the functionalies that support the identification, selection, and retrieval of bibliographic and full-text information about SE research?""",0.2105
4565,What are the key success factors for empirical studies in Requirements Engineering?,Do the authors use multiple digital libraries including publications from SE and RE and related disciplines for (systematic literature) reviews?,0.2105
4566,How can empirical research in Requirements Engineering benefit from interdisciplinary approaches?,How has the reporting of the context evolved over time?,0.2105
4567,What are the implications of empirical research for Requirements Engineering education and training?,How has the reporting of threats to validity evolved over time?,0.2104
4568,What are the methods for conducting effective surveys in Requirements Engineering research?,Do the authors exlain HOW their apporach is better than others in a selected context with specific characteristics?,0.2104
4569,What are the methods for assessing the impact of empirical studies in Requirements Engineering on industry practices?,How has the number of theories from SE and RE evolved over time?,0.2103
4570,What are the best practices for conducting systematic reviews in empirical Requirements Engineering research?,How has the reporting of the subjects evolved over time?,0.2103
4571,What are the best practices for conducting systematic reviews in empirical Requirements Engineering research?,Do the authors exlain HOW their apporach is better than others in a selected context with specific characteristics?,0.2102
4572,What are the critical research gaps in the empirical study of Requirements Engineering?,How has the use of theories for a diverse and reflective generalization of study results evolved over time?,0.2102
4573,What role do replications play in ensuring the robustness of empirical studies in Requirements Engineering?,How often are which statistical methods used?,0.2101
4574,What are the critical research gaps in the empirical study of Requirements Engineering?,How do the authors justify preventing bias in the study results?,0.2100
4575,How can empirical research contribute to the development of standardized practices in Requirements Engineering?,How has the proportion of each of the three levels of sophistication for theories from SE and RE evolved over time?,0.2100
4576,How can empirical evidence in Requirements Engineering inform decision-making processes in software engineering?,How has the incorporation of theories in studies evolved over time?,0.2100
4577,How can empirical methods be used to evaluate software requirements specifications?,Do the authors exlain WHY their apporach is better than others in a selected context with specific characteristics?,0.2100
4578,How can empirical studies in Requirements Engineering be made more rigorous and impactful?,"""How has the proportion of theories from other disciplines, from other disciplines with adaptions for the SE (RE), and from SE (RE) itself evolved over time?""",0.2100
4579,What are the methods for assessing the impact of empirical studies in Requirements Engineering on industry practices?,Do the authors exlain HOW their apporach is better than others in a selected context with specific characteristics?,0.2100
4580,What are the key variables studied in empirical Requirements Engineering research?,How many studies incorporate theories?,0.2099
4581,How can empirical studies in Requirements Engineering better address the needs of diverse stakeholders?,"""How has the proportion of theories from other disciplines, from other disciplines with adaptions for the SE (RE), and from SE (RE) itself evolved over time?""",0.2099
4582,How can empirical methods be used to evaluate software requirements specifications?,Have the authors done a systematic review of related work?,0.2098
4583,What are the guidelines for conducting high-quality empirical studies in Requirements Engineering?,What is the proportion of each of the three levels of sophistication for theories from SE and RE?,0.2098
4584,What are the future directions for empirical research in Requirements Engineering?,What is the proportion of each of the three levels of sophistication for theories from SE and RE?,0.2098
4585,What are the key variables studied in empirical Requirements Engineering research?,How has the use of power analysis and effect size estimation evolved over time?,0.2097
4586,What are the implications of empirical research for Requirements Engineering education and training?,Do authors report that assumptions and limitations of statistical methods are met before using them?,0.2097
4587,What are the key variables studied in empirical Requirements Engineering research?,How has the proportion of each of the three levels of sophistication for theories from SE and RE evolved over time?,0.2097
4588,How can biases be minimized in empirical studies of Requirements Engineering?,How has the incorporation of theories in studies evolved over time?,0.2096
4589,What methods are used to ensure the reliability and validity of empirical data in Requirements Engineering research?,How many studies incorporate theories?,0.2096
4590,What are the future directions for empirical research in Requirements Engineering?,How many theories from the SE and RE are there?,0.2096
4591,What are the lessons learned from past empirical studies in Requirements Engineering?,Does the research design allow for efficient reuse of study (results) by other researchers?,0.2096
4592,What are the core empirical methods used in Requirements Engineering research?,How has the number of theories from SE and RE evolved over time?,0.2095
4593,How can the use of empirical methods in Requirements Engineering research be improved?,Do the authors use other channels to publish their results for making them available to industrial users?,0.2095
4594,How can the effectiveness of empirical methods in Requirements Engineering be assessed?,How has the proportion of each of the three levels of sophistication for theories from SE and RE evolved over time?,0.2095
4595,How can empirical research in Requirements Engineering contribute to theory building?,How has the reporting of threats to validity evolved over time?,0.2094
4596,How can empirical research support the development of more effective Requirements Elicitation techniques?,How has the reporting of the setting evolved over time?,0.2094
4597,How can empirical research in Requirements Engineering address the needs of global software development teams?,How many studies incorporate theories?,0.2094
4598,What are the criteria for assessing the credibility of empirical research findings in Requirements Engineering?,"""How has the proportion of theories from other disciplines, from other disciplines with adaptions for the SE (RE), and from SE (RE) itself evolved over time?""",0.2091
4599,What are the methods for assessing the impact of empirical studies in Requirements Engineering on industry practices?,"""How has the proportion of theories from other disciplines, from other disciplines with adaptions for the SE (RE), and from SE (RE) itself evolved over time?""",0.2090
4600,How can empirical findings in Requirements Engineering be translated into best practices?,How do the authors justify preventing bias in the study results?,0.2088
4601,"How can empirical methods in Requirements Engineering be adapted to address complex, real-world problems?","""Do the authors use standards to describe the theories incorporated (used, tested, modified, formulated)?""",0.2088
4602,What mechanisms exist to facilitate industry-academia collaboration in empirical Requirements Engineering research?,How has the use of language (academic vs. plain) in scientific publications evolved over time?,0.2087
4603,How can empirical studies support the validation and refinement of Requirements Engineering theories?,How has the reporting of the subjects evolved over time?,0.2087
4604,What is the role of empirical methods in advancing the state-of-the-art in Requirements Engineering?,How many studies incorporate theories?,0.2087
4605,How can empirical studies in Requirements Engineering better address the needs of diverse stakeholders?,How often are those who conduct the studies also the authors of the papers?,0.2085
4606,What are the lessons learned from past empirical studies in Requirements Engineering?,Do the authors use other channels to publish their results for making them available to industrial users?,0.2084
4607,How can empirical research in Requirements Engineering be used to support continuous improvement in software processes?,How has the use of theories for a diverse and reflective generalization of study results evolved over time?,0.2084
4608,What are the ethical considerations in conducting empirical research in Requirements Engineering?,Do the authors exlain WHEN their apporach is better than others in a selected context with specific characteristics?,0.2083
4609,What are the methods for triangulating data in empirical Requirements Engineering studies?,What is the proportion of each of the three levels of sophistication for theories from SE and RE?,0.2083
4610,What are the best practices for conducting systematic reviews in empirical Requirements Engineering research?,How often are those who conduct the studies also the authors of the papers?,0.2082
4611,What mechanisms exist to facilitate industry-academia collaboration in empirical Requirements Engineering research?,How has the proportion of pure demonstrations (proof of concept) and simple experience reports (lessons learned) evolved over time?,0.2082
4612,How can empirical research in Requirements Engineering contribute to improving software development processes?,How has the proportion of each of the three levels of sophistication for theories from SE and RE evolved over time?,0.2082
4613,How can empirical studies in Requirements Engineering be made more rigorous and impactful?,How many theories from the SE and RE are there?,0.2081
4614,What criteria are used to evaluate the quality of empirical studies in Requirements Engineering?,"""On which levels of sophistication are the theories from SE and RE? (level 1, level 2, or level 3 defined in Sjøberg et al. [1])""",0.2081
4615,How can empirical research in Requirements Engineering contribute to improving software development processes?,How many theories from the SE and RE are there?,0.2081
4616,How can empirical research in Requirements Engineering support the development of industry-relevant guidelines and checklists?,How has the reporting of the subjects evolved over time?,0.2081
4617,How can empirical research in Requirements Engineering be used to support continuous improvement in software processes?,"""Do the authors refer to and consistently use a basic terminology, descriptors, and keywords to identify and select primary studies for (systematic literature) reviews?""",0.2080
4618,How can empirical research in Requirements Engineering support the development of industry-relevant guidelines and checklists?,How do the authors justify preventing bias in the study results?,0.2080
4619,What are the key variables studied in empirical Requirements Engineering research?,"""Do electronic resources (digital libraries and databases) provide all the functionalies that support the identification, selection, and retrieval of bibliographic and full-text information about SE research?""",0.2079
4620,What are the core empirical methods used in Requirements Engineering research?,"""Do electronic resources (digital libraries and databases) provide all the functionalies that support the identification, selection, and retrieval of bibliographic and full-text information about SE research?""",0.2077
4621,What are the best practices for designing and conducting action research in Requirements Engineering?,How has the use of theories for a diverse and reflective generalization of study results evolved over time?,0.2077
4622,How has the use of empirical methods in Requirements Engineering evolved over time?,Which digital libraries with publications from SE and RE and related disciplines do authors use for (systematic literature) reviews?,0.2077
4623,How can industry feedback be systematically incorporated into empirical Requirements Engineering research?,Do authors report that assumptions and limitations of statistical methods are met before using them?,0.2076
4624,What methods are used to ensure the reliability and validity of empirical data in Requirements Engineering research?,What is the proportion of each of the three levels of sophistication for theories from SE and RE?,0.2076
4625,What are the best practices for reporting empirical research findings in Requirements Engineering?,How has the use of statistical methods evolved over time?,0.2075
4626,What are the methods for conducting effective surveys in Requirements Engineering research?,How has the reporting of the context evolved over time?,0.2074
4627,How can biases be minimized in empirical studies of Requirements Engineering?,How has the number of theories from SE and RE evolved over time?,0.2073
4628,How can the effectiveness of empirical methods in Requirements Engineering be assessed?,What types of threats to validity do the authors report?,0.2073
4629,What are the best practices for designing and conducting action research in Requirements Engineering?,What types of threats to validity do the authors report?,0.2073
4630,How can empirical evidence in Requirements Engineering inform decision-making processes in software engineering?,What is the proportion of each of the three levels of sophistication for theories from SE and RE?,0.2072
4631,What are the common challenges encountered in conducting empirical case studies in Requirements Engineering?,Do the authors refer to a reference (website or systematic review) that systematizes and characterizes the theory incorporated?,0.2072
4632,How can empirical research in Requirements Engineering support the development of new tools and technologies?,How has the use of language (academic vs. plain) in scientific publications evolved over time?,0.2072
4633,What are the implications of heterogeneous interventions in empirical studies of Requirements Engineering?,Do the authors use multiple digital libraries including publications from SE and RE and related disciplines for (systematic literature) reviews?,0.2072
4634,What are the criteria for selecting appropriate empirical methods for specific research questions in Requirements Engineering?,How do the authors justify preventing bias in the study results?,0.2069
4635,What are the critical research gaps in the empirical study of Requirements Engineering?,How has the proportion of pure demonstrations (proof of concept) and simple experience reports (lessons learned) evolved over time?,0.2069
4636,How can empirical research in Requirements Engineering address the needs of global software development teams?,How has the reporting of the context evolved over time?,0.2068
4637,How can empirical research address the socio-technical aspects of Requirements Engineering?,How often are those who conduct the studies also the authors of the papers?,0.2068
4638,How can industry feedback be systematically incorporated into empirical Requirements Engineering research?,"""Do electronic resources (digital libraries and databases) provide all the functionalies that support the identification, selection, and retrieval of bibliographic and full-text information about SE research?""",0.2067
4639,How can the external validity of empirical studies in Requirements Engineering be enhanced?,"""On which levels of sophistication are the theories from SE and RE? (level 1, level 2, or level 3 defined in Sjøberg et al. [1])""",0.2067
4640,How can the constructs and variables used in empirical Requirements Engineering research be defined and operationalized?,How has the reporting of threats to validity evolved over time?,0.2067
4641,How can the effectiveness of empirical methods in Requirements Engineering be assessed?,Does the research design allow for efficient reuse of study (results) by other researchers?,0.2067
4642,What are the standards for documenting and sharing empirical research data in Requirements Engineering?,How has the incorporation of theories in studies evolved over time?,0.2066
4643,What are the primary research questions addressed by empirical methods in Requirements Engineering studies?,How has the reporting of threats to validity evolved over time?,0.2065
4644,How do empirical studies in Requirements Engineering integrate quantitative and qualitative approaches?,Does the research design allow for efficient reuse of study (results) by other researchers?,0.2065
4645,What role do replications play in ensuring the robustness of empirical studies in Requirements Engineering?,How often are those who conduct the studies also the authors of the papers?,0.2065
4646,What are the best practices for designing and conducting action research in Requirements Engineering?,Do the authors use multiple digital libraries including publications from SE and RE and related disciplines for (systematic literature) reviews?,0.2065
4647,What are the key challenges in synthesizing qualitative and quantitative data in Requirements Engineering research?,"""Do the authors refer to and consistently use a basic terminology, descriptors, and keywords to identify and select primary studies for (systematic literature) reviews?""",0.2064
4648,How can the reproducibility of empirical studies in Requirements Engineering be ensured?,How has the use of language (academic vs. plain) in scientific publications evolved over time?,0.2064
4649,How can the scope of empirical studies in Requirements Engineering be systematically defined and reported?,Which digital libraries with publications from SE and RE and related disciplines do authors use for (systematic literature) reviews?,0.2064
4650,What are the methods for triangulating data in empirical Requirements Engineering studies?,How has the proportion of each of the three levels of sophistication for theories from SE and RE evolved over time?,0.2064
4651,How can empirical research support the development of more effective Requirements Elicitation techniques?,"""How has the proportion of theories from other disciplines, from other disciplines with adaptions for the SE (RE), and from SE (RE) itself evolved over time?""",0.2064
4652,"How can empirical methods in Requirements Engineering be adapted to address complex, real-world problems?",How has the reporting of the context evolved over time?,0.2063
4653,"How can empirical methods in Requirements Engineering be adapted to address complex, real-world problems?",How has the reporting of the setting evolved over time?,0.2063
4654,What are the implications of empirical research for the future of Requirements Engineering as a discipline?,How many studies incorporate theories?,0.2063
4655,How do empirical studies in Requirements Engineering integrate quantitative and qualitative approaches?,How has the reporting of threats to validity evolved over time?,0.2062
4656,How can industry feedback be systematically incorporated into empirical Requirements Engineering research?,Do the authors exlain HOW their apporach is better than others in a selected context with specific characteristics?,0.2062
4657,How can the constructs and variables used in empirical Requirements Engineering research be defined and operationalized?,How has the proportion of each of the three levels of sophistication for theories from SE and RE evolved over time?,0.2061
4658,What are the implications of empirical research for Requirements Engineering education and training?,What is the proportion of each of the three levels of sophistication for theories from SE and RE?,0.2061
4659,How can empirical methods be used to evaluate the impact of new Requirements Engineering techniques?, How do the authors justify the lack of a proper study?,0.2061
4660,What are the core empirical methods used in Requirements Engineering research?,What types of threats to validity do the authors report?,0.2061
4661,How can empirical research in Requirements Engineering address the needs of global software development teams?,How has the use of statistical methods evolved over time?,0.2060
4662,What are the implications of empirical research for Requirements Engineering education and training?,"""How has the proportion of theories from other disciplines, from other disciplines with adaptions for the SE (RE), and from SE (RE) itself evolved over time?""",0.2060
4663,What are the best practices for reporting empirical research findings in Requirements Engineering?,How many theories from the SE and RE are there?,0.2059
4664,"How can empirical methods in Requirements Engineering be adapted to address complex, real-world problems?",Do the authors exlain HOW their apporach is better than others in a selected context with specific characteristics?,0.2058
4665,How can empirical research in Requirements Engineering contribute to theory building?,Do the authors exlain WHY their apporach is better than others in a selected context with specific characteristics?,0.2058
4666,What are the key success factors for empirical studies in Requirements Engineering?,How has the use of language (academic vs. plain) in scientific publications evolved over time?,0.2057
4667,What are the methods for triangulating data in empirical Requirements Engineering studies?,How has the reporting of threats to validity evolved over time?,0.2057
4668,How can the constructs and variables used in empirical Requirements Engineering research be defined and operationalized?,Do the authors exlain HOW their apporach is better than others in a selected context with specific characteristics?,0.2057
4669,How can empirical research support the development of more effective Requirements Elicitation techniques?,"""What is the proportion of theories from other disciplines, from other disciplines with adaptions for the SE and RE, and from SE and RE itself?""",0.2056
4670,How can the findings from empirical Requirements Engineering studies be synthesized and communicated to practitioners?,How do the authors justify preventing bias in the study results?,0.2056
4671,What mechanisms exist to facilitate industry-academia collaboration in empirical Requirements Engineering research?,How has the use of power analysis and effect size estimation evolved over time?,0.2056
4672,How can empirical research in Requirements Engineering address the needs of global software development teams?,Do the authors use multiple digital libraries including publications from SE and RE and related disciplines for (systematic literature) reviews?,0.2054
4673,How can empirical methods be used to evaluate the impact of new Requirements Engineering techniques?,"""How has the proportion of theories from other disciplines, from other disciplines with adaptions for the SE (RE), and from SE (RE) itself evolved over time?""",0.2053
4674,How can empirical research in Requirements Engineering be used to support continuous improvement in software processes?,How has the use of standards to describe the theories incorporated evolved over time?,0.2053
4675,What are the best practices for conducting systematic reviews in empirical Requirements Engineering research?,How has the incorporation of theories in studies evolved over time?,0.2053
4676,How can the use of empirical methods in Requirements Engineering research be improved?,What types of threats to validity do the authors report?,0.2053
4677,How can the reproducibility of empirical studies in Requirements Engineering be ensured?,"""On which levels of sophistication are the theories from SE and RE? (level 1, level 2, or level 3 defined in Sjøberg et al. [1])""",0.2052
4678,What are the common challenges encountered in conducting empirical case studies in Requirements Engineering?,Which digital libraries with publications from SE and RE and related disciplines do authors use for (systematic literature) reviews?,0.2052
4679,What is the role of empirical methods in advancing the state-of-the-art in Requirements Engineering?,How has the use of power analysis and effect size estimation evolved over time?,0.2052
4680,What are the critical research gaps in the empirical study of Requirements Engineering?,"""How has the proportion of theories from other disciplines, from other disciplines with adaptions for the SE (RE), and from SE (RE) itself evolved over time?""",0.2051
4681,What are the key challenges in synthesizing qualitative and quantitative data in Requirements Engineering research?,Do the authors use (a common set of empirically derived) criteria to assess the quality of individual studies?,0.2051
4682,What are the implications of empirical research for Requirements Engineering education and training?,"""Do the authors use standards to describe the theories incorporated (used, tested, modified, formulated)?""",0.2050
4683,What is the role of empirical methods in advancing the state-of-the-art in Requirements Engineering?,How has the reporting of threats to validity evolved over time?,0.2050
4684,What is the role of empirical methods in advancing the state-of-the-art in Requirements Engineering?,Do the authors exlain WHEN their apporach is better than others in a selected context with specific characteristics?,0.2049
4685,How can empirical methods be used to study the effectiveness of Requirements Management practices?,How many studies incorporate theories?,0.2049
4686,How can empirical research in Requirements Engineering be used to support continuous improvement in software processes?,"""For which purpose do authors incorporate theories into their studies (use, testing, modification, formulation)?""",0.2049
4687,What are the trends in the methodological approaches used in empirical Requirements Engineering research?,Do the authors exlain WHEN their apporach is better than others in a selected context with specific characteristics?,0.2048
4688,How can empirical research in Requirements Engineering support the development of new tools and technologies?,How many theories from the SE and RE are there?,0.2048
4689,How can the threats to internal and external validity be mitigated in empirical studies of Requirements Engineering?,How has the use of power analysis and effect size estimation evolved over time?,0.2047
4690,What are the key challenges in synthesizing qualitative and quantitative data in Requirements Engineering research?,Which digital libraries with publications from SE and RE and related disciplines do authors use for (systematic literature) reviews?,0.2047
4691,What are the key challenges in synthesizing qualitative and quantitative data in Requirements Engineering research?,Do the authors use (a common set of empirically derived) criteria to characterize the quality of secondary research and thus the overall strength of a body of evidence?,0.2046
4692,What are the implications of empirical research for the future of Requirements Engineering as a discipline?,How has the number of theories from SE and RE evolved over time?,0.2046
4693,How can empirical methods be used to study the effectiveness of Requirements Management practices?,Which digital libraries with publications from SE and RE and related disciplines do authors use for (systematic literature) reviews?,0.2046
4694,How can empirical methods be used to evaluate software requirements specifications?, How do the authors justify the lack of a proper study?,0.2045
4695,How can empirical research in Requirements Engineering support the development of new tools and technologies?,How often are which statistical methods used?,0.2044
4696,How can the threats to internal and external validity be mitigated in empirical studies of Requirements Engineering?,"""How has the provision of data (the materials used, raw data collected, and study results identified) evolved over time?""",0.2043
4697,How can empirical research address the socio-technical aspects of Requirements Engineering?,How has the use of power analysis and effect size estimation evolved over time?,0.2041
4698,What are the implications of empirical research for the future of Requirements Engineering as a discipline?,Do the authors use multiple digital libraries including publications from SE and RE and related disciplines for (systematic literature) reviews?,0.2041
4699,How can empirical research in Requirements Engineering be used to support continuous improvement in software processes?,Do the authors refer to a reference (website or systematic review) that systematizes and characterizes the theory incorporated?,0.2040
4700,How can the external validity of empirical studies in Requirements Engineering be enhanced?,"""Do electronic resources (digital libraries and databases) provide all the functionalies that support the identification, selection, and retrieval of bibliographic and full-text information about SE research?""",0.2039
4701,What are the ethical considerations in conducting empirical research in Requirements Engineering?,How has the reporting of the subjects evolved over time?,0.2039
4702,What are the key variables studied in empirical Requirements Engineering research?,"""What is the proportion of theories from other disciplines, from other disciplines with adaptions for the SE and RE, and from SE and RE itself?""",0.2039
4703,What are the considerations for designing controlled experiments in Requirements Engineering?,Do the authors exlain WHY their apporach is better than others in a selected context with specific characteristics?,0.2038
4704,How can empirical findings in Requirements Engineering be validated through multiple studies and contexts?,"""On which levels of sophistication are the theories from SE and RE? (level 1, level 2, or level 3 defined in Sjøberg et al. [1])""",0.2037
4705,How do empirical studies in Requirements Engineering integrate quantitative and qualitative approaches?,How has the proportion of each of the three levels of sophistication for theories from SE and RE evolved over time?,0.2037
4706,What are the criteria for selecting appropriate empirical methods for specific research questions in Requirements Engineering?,"""How has the proportion of theories from other disciplines, from other disciplines with adaptions for the SE (RE), and from SE (RE) itself evolved over time?""",0.2035
4707,What are the best practices for reporting empirical research findings in Requirements Engineering?,How has the use of language (academic vs. plain) in scientific publications evolved over time?,0.2035
4708,What are the criteria for selecting appropriate empirical methods for specific research questions in Requirements Engineering?,How has the proportion of pure demonstrations (proof of concept) and simple experience reports (lessons learned) evolved over time?,0.2035
4709,What are the methods for synthesizing empirical evidence from diverse study designs in Requirements Engineering?,Do the authors use other channels to publish their results for making them available to industrial users?,0.2035
4710,What are the considerations for designing controlled experiments in Requirements Engineering?,How has the proportion of studies by authors working for large software development companies evolved over time?,0.2034
4711,How can empirical evidence in Requirements Engineering inform decision-making processes in software engineering?,Do the authors use other channels to publish their results for making them available to industrial users?,0.2034
4712,How can the effectiveness of empirical methods in Requirements Engineering be assessed?,"""How has building on previous research data and results, including from other disciplines, evolved over time?""",0.2034
4713,What are the trends in the methodological approaches used in empirical Requirements Engineering research?,What types of threats to validity do the authors report?,0.2034
4714,What are the implications of heterogeneous interventions in empirical studies of Requirements Engineering?,Do the authors refer to a reference (website or systematic review) that systematizes and characterizes the theory incorporated?,0.2033
4715,What are the best practices for designing and conducting action research in Requirements Engineering?,How has the reporting of the subjects evolved over time?,0.2033
4716,How can empirical data from multiple studies be effectively integrated in Requirements Engineering research?,What types of threats to validity do the authors report?,0.2032
4717,How can empirical research in Requirements Engineering contribute to theory building?,Do authors report that assumptions and limitations of statistical methods are met before using them?,0.2032
4718,What methods are used to ensure the reliability and validity of empirical data in Requirements Engineering research?,Do the authors exlain WHEN their apporach is better than others in a selected context with specific characteristics?,0.2031
4719,How can empirical research contribute to the development of standardized practices in Requirements Engineering?,How has the number of theories from SE and RE evolved over time?,0.2030
4720,What are the implications of empirical research for the future of Requirements Engineering as a discipline?,"""Do the authors use standards to describe the theories incorporated (used, tested, modified, formulated)?""",0.2030
4721,Which empirical methods are most commonly deployed in industry-academia collaborations in Requirements Engineering?,How has the reporting of threats to validity evolved over time?,0.2030
4722,What are the best practices for designing and conducting action research in Requirements Engineering?,"""How has the provision of data (the materials used, raw data collected, and study results identified) evolved over time?""",0.2030
4723,What are the methods for ensuring the transparency and reproducibility of empirical research in Requirements Engineering?,How has the use of power analysis and effect size estimation evolved over time?,0.2029
4724,How can empirical research in Requirements Engineering address the challenge of generalizability?,How has the number of theories from SE and RE evolved over time?,0.2029
4725,What are the methods for ensuring the transparency and reproducibility of empirical research in Requirements Engineering?,What is the proportion of each of the three levels of sophistication for theories from SE and RE?,0.2029
4726,How can empirical research in Requirements Engineering contribute to theory building?,Which digital libraries with publications from SE and RE and related disciplines do authors use for (systematic literature) reviews?,0.2029
4727,How can empirical methods guide the development of new SE technology in Requirements Engineering?,"""Do the authors refer to and consistently use a basic terminology, descriptors, and keywords to identify and select primary studies for (systematic literature) reviews?""",0.2028
4728,How can empirical methods be used to evaluate software requirements specifications?,How has the use of theories for a diverse and reflective generalization of study results evolved over time?,0.2028
4729,What are the criteria for selecting appropriate empirical methods for specific research questions in Requirements Engineering?,How has the number of theories from SE and RE evolved over time?,0.2027
4730,How can empirical research contribute to the development of standardized practices in Requirements Engineering?,What is the proportion of each of the three levels of sophistication for theories from SE and RE?,0.2026
4731,How can empirical research in Requirements Engineering be used to support continuous improvement in software processes?,How has the use of statistical methods evolved over time?,0.2026
4732,How can empirical research support the development of more effective Requirements Elicitation techniques?,How do the authors justify preventing bias in the study results?,0.2026
4733,What are the implications of empirical research for the future of Requirements Engineering as a discipline?,How many theories from the SE and RE are there?,0.2025
4734,What are the critical success factors for industry-academia research collaborations in Requirements Engineering?,How has the use of theories for a diverse and reflective generalization of study results evolved over time?,0.2025
4735,How can empirical research findings in Requirements Engineering be made more accessible to practitioners?,"""What is the proportion of theories from other disciplines, from other disciplines with adaptions for the SE and RE, and from SE and RE itself?""",0.2024
4736,How can empirical evidence in Requirements Engineering inform decision-making processes in software engineering?,How many theories from the SE and RE are there?,0.2024
4737,What mechanisms exist to facilitate industry-academia collaboration in empirical Requirements Engineering research?,How has the reporting of the setting evolved over time?,0.2023
4738,How can empirical research in Requirements Engineering contribute to theory building?,How often are which statistical methods used?,0.2023
4739,How can industry feedback be systematically incorporated into empirical Requirements Engineering research?,"""What is the proportion of theories from other disciplines, from other disciplines with adaptions for the SE and RE, and from SE and RE itself?""",0.2023
4740,How can the scope of empirical studies in Requirements Engineering be systematically defined and reported?,How often are those who conduct the studies also the authors of the papers?,0.2023
4741,What are the implications of empirical research for the future of Requirements Engineering as a discipline?,"""How has the proportion of theories from other disciplines, from other disciplines with adaptions for the SE (RE), and from SE (RE) itself evolved over time?""",0.2023
4742,How can empirical research in Requirements Engineering benefit from interdisciplinary approaches?,How has the proportion of pure demonstrations (proof of concept) and simple experience reports (lessons learned) evolved over time?,0.2023
4743,How can empirical research in Requirements Engineering benefit from interdisciplinary approaches?,How has the use of language (academic vs. plain) in scientific publications evolved over time?,0.2022
4744,How can the scope of empirical studies in Requirements Engineering be systematically defined and reported?,Do the authors exlain HOW their apporach is better than others in a selected context with specific characteristics?,0.2021
4745,How can biases be minimized in empirical studies of Requirements Engineering?,How has the reporting of the objects of study / treatments evolved over time?,0.2021
4746,What are the critical research gaps in the empirical study of Requirements Engineering?,Which digital libraries with publications from SE and RE and related disciplines do authors use for (systematic literature) reviews?,0.2021
4747,What are the implications of heterogeneous interventions in empirical studies of Requirements Engineering?,"""What is the proportion of theories from other disciplines, from other disciplines with adaptions for the SE and RE, and from SE and RE itself?""",0.2020
4748,How can empirical data from multiple studies be effectively integrated in Requirements Engineering research?,Do the authors exlain WHEN their apporach is better than others in a selected context with specific characteristics?,0.2019
4749,How can biases be minimized in empirical studies of Requirements Engineering?,How has the reporting of the setting evolved over time?,0.2018
4750,How can empirical methods be used to evaluate the impact of new Requirements Engineering techniques?,How has the incorporation of theories in studies evolved over time?,0.2018
4751,What are the key variables studied in empirical Requirements Engineering research?,How do the authors justify preventing bias in the study results?,0.2017
4752,"How can empirical methods in Requirements Engineering be adapted to address complex, real-world problems?",Have the authors done a systematic review of related work?,0.2017
4753,How can empirical research in Requirements Engineering be used to inform policy-making in software engineering?,How has the use of power analysis and effect size estimation evolved over time?,0.2017
4754,How can the constructs and variables used in empirical Requirements Engineering research be defined and operationalized?,How has the use of language (academic vs. plain) in scientific publications evolved over time?,0.2017
4755,What are the methods for conducting effective surveys in Requirements Engineering research?,What is the proportion of each of the three levels of sophistication for theories from SE and RE?,0.2017
4756,How can empirical research in Requirements Engineering contribute to theory building?,Do the authors exlain HOW their apporach is better than others in a selected context with specific characteristics?,0.2016
4757,What are the considerations for designing controlled experiments in Requirements Engineering?,How often are which statistical methods used?,0.2016
4758,What are the key variables studied in empirical Requirements Engineering research?,"""How up-to-date (and relevant) are reported (systematic) reviews, so-called secondary research?""",0.2015
4759,How can empirical research in Requirements Engineering address the challenge of generalizability?,How has the reporting of the objects of study / treatments evolved over time?,0.2015
4760,What are the lessons learned from past empirical studies in Requirements Engineering?,What is the proportion of each of the three levels of sophistication for theories from SE and RE?,0.2015
4761,How can the findings from empirical Requirements Engineering studies be synthesized and communicated to practitioners?,"""What is the proportion of theories from other disciplines, from other disciplines with adaptions for the SE and RE, and from SE and RE itself?""",0.2014
4762,How can the scope of empirical studies in Requirements Engineering be systematically defined and reported?,Do the authors use other channels to publish their results for making them available to industrial users?,0.2013
4763,How can empirical methods be used to evaluate software requirements specifications?,How has the reporting of the context evolved over time?,0.2012
4764,What are the major challenges in applying empirical methods to Requirements Engineering research?,How has the use of power analysis and effect size estimation evolved over time?,0.2012
4765,What mechanisms exist to facilitate industry-academia collaboration in empirical Requirements Engineering research?, How do the authors justify the lack of a proper study?,0.2011
4766,How can empirical findings in Requirements Engineering be translated into best practices?,Do the authors use other channels to publish their results for making them available to industrial users?,0.2011
4767,What are the ethical considerations in conducting empirical research in Requirements Engineering?,How has the proportion of pure demonstrations (proof of concept) and simple experience reports (lessons learned) evolved over time?,0.2011
4768,What are the major challenges in applying empirical methods to Requirements Engineering research?,What is the proportion of each of the three levels of sophistication for theories from SE and RE?,0.2010
4769,What criteria are used to evaluate the quality of empirical studies in Requirements Engineering?,How has the proportion of each of the three levels of sophistication for theories from SE and RE evolved over time?,0.2010
4770,What are the implications of empirical research for the future of Requirements Engineering as a discipline?,What types of threats to validity do the authors report?,0.2009
4771,How can empirical methods be used to evaluate software requirements specifications?,"""For which purpose do authors incorporate theories into their studies (use, testing, modification, formulation)?""",0.2009
4772,How can empirical findings in Requirements Engineering be translated into best practices?,How many studies incorporate theories?,0.2009
4773,How has the use of empirical methods in Requirements Engineering evolved over time?,How has the the reporting of the population evolved over time?,0.2007
4774,What are the criteria for assessing the credibility of empirical research findings in Requirements Engineering?,How has the use of language (academic vs. plain) in scientific publications evolved over time?,0.2007
4775,How can empirical research in Requirements Engineering address the challenge of generalizability?,"""On which levels of sophistication are the theories from SE and RE? (level 1, level 2, or level 3 defined in Sjøberg et al. [1])""",0.2007
4776,How can empirical findings in Requirements Engineering be translated into best practices?,Which digital libraries with publications from SE and RE and related disciplines do authors use for (systematic literature) reviews?,0.2007
4777,How can empirical studies support the validation and refinement of Requirements Engineering theories?,Do the authors exlain WHEN their apporach is better than others in a selected context with specific characteristics?,0.2006
4778,What are the core empirical methods used in Requirements Engineering research?,How has the use of language (academic vs. plain) in scientific publications evolved over time?,0.2006
4779,How can empirical studies in Requirements Engineering better address the needs of diverse stakeholders?,What is the proportion of each of the three levels of sophistication for theories from SE and RE?,0.2006
4780,How can empirical research in Requirements Engineering address the needs of global software development teams?,How has the reporting of threats to validity evolved over time?,0.2006
4781,How can empirical methods be used to evaluate the impact of new Requirements Engineering techniques?,Do the authors exlain WHY their apporach is better than others in a selected context with specific characteristics?,0.2005
4782,What are the critical success factors for industry-academia research collaborations in Requirements Engineering?,How has the use of standards to describe the theories incorporated evolved over time?,0.2003
4783,How can empirical research in Requirements Engineering be used to inform policy-making in software engineering?,How has the incorporation of theories in studies evolved over time?,0.2003
4784,How can empirical research in Requirements Engineering benefit from interdisciplinary approaches?,What is the proportion of each of the three levels of sophistication for theories from SE and RE?,0.2003
4785,How can empirical methods guide the development of new SE technology in Requirements Engineering?,How has the reporting of threats to validity evolved over time?,0.2003
4786,What are the best practices for reporting empirical research findings in Requirements Engineering?,"""Do electronic resources (digital libraries and databases) provide all the functionalies that support the identification, selection, and retrieval of bibliographic and full-text information about SE research?""",0.2002
4787,What are the guidelines for conducting high-quality empirical studies in Requirements Engineering?,"""On which levels of sophistication are the theories from SE and RE? (level 1, level 2, or level 3 defined in Sjøberg et al. [1])""",0.2002
4788,What are the methods for ensuring the transparency and reproducibility of empirical research in Requirements Engineering?,How has the proportion of each of the three levels of sophistication for theories from SE and RE evolved over time?,0.2001
4789,What methods are used to ensure the reliability and validity of empirical data in Requirements Engineering research?,"""Do electronic resources (digital libraries and databases) provide all the functionalies that support the identification, selection, and retrieval of bibliographic and full-text information about SE research?""",0.2001
4790,How can the threats to internal and external validity be mitigated in empirical studies of Requirements Engineering?,How many publications are analyzed in (systematic literature) reviews?,0.2001
4791,What are the future directions for empirical research in Requirements Engineering?,How has the number of theories from SE and RE evolved over time?,0.2000
4792,How can empirical evidence in Requirements Engineering inform decision-making processes in software engineering?,How has the proportion of each of the three levels of sophistication for theories from SE and RE evolved over time?,0.1999
4793,How can empirical research in Requirements Engineering benefit from interdisciplinary approaches?,How has the number of theories from SE and RE evolved over time?,0.1999
4794,How has the use of empirical methods in Requirements Engineering evolved over time?,Do the authors use other channels to publish their results for making them available to industrial users?,0.1999
4795,How can the findings from empirical Requirements Engineering studies be synthesized and communicated to practitioners?,Do the authors exlain WHEN their apporach is better than others in a selected context with specific characteristics?,0.1997
4796,How can empirical methods be used to study the effectiveness of Requirements Management practices?,Do the authors exlain WHY their apporach is better than others in a selected context with specific characteristics?,0.1997
4797,What are the best practices for conducting systematic reviews in empirical Requirements Engineering research?,Do the authors use other channels to publish their results for making them available to industrial users?,0.1997
4798,What are the major challenges in applying empirical methods to Requirements Engineering research?,How has the use of language (academic vs. plain) in scientific publications evolved over time?,0.1997
4799,What are the methods for evaluating the reliability of empirical data in Requirements Engineering research?,How do the authors justify preventing bias in the study results?,0.1997
4800,How can empirical research in Requirements Engineering address the needs of global software development teams?,How has the incorporation of theories in studies evolved over time?,0.1996
4801,How can empirical research in Requirements Engineering address the challenge of generalizability?,Does the research design allow for efficient reuse of study (results) by other researchers?,0.1996
4802,How can empirical methods be used to evaluate software requirements specifications?,How has the reporting of research questions and answers evolved over time?,0.1996
4803,How can empirical research in Requirements Engineering contribute to improving software development processes?,What is the proportion of each of the three levels of sophistication for theories from SE and RE?,0.1996
4804,How can empirical methods guide the development of new SE technology in Requirements Engineering?,Have the authors done a systematic review of related work?,0.1995
4805,What are the common themes in the empirical literature on Requirements Engineering?,Which digital libraries with publications from SE and RE and related disciplines do authors use for (systematic literature) reviews?,0.1995
4806,How can empirical evidence in Requirements Engineering inform decision-making processes in software engineering?,Do the authors exlain WHEN their apporach is better than others in a selected context with specific characteristics?,0.1994
4807,How can empirical methods be used to study the effectiveness of Requirements Management practices?,How often are those who conduct the studies also the authors of the papers?,0.1993
4808,Which empirical methods are recommended for synthesizing evidence in Requirements Engineering?,How has the use of language (academic vs. plain) in scientific publications evolved over time?,0.1993
4809,How do empirical studies in Requirements Engineering integrate quantitative and qualitative approaches?,Do the authors use other channels to publish their results for making them available to industrial users?,0.1992
4810,What are the key variables studied in empirical Requirements Engineering research?,Do the authors refer to a reference (website or systematic review) that systematizes and characterizes the theory incorporated?,0.1991
4811,What are the key variables studied in empirical Requirements Engineering research?,How has the use of statistical methods evolved over time?,0.1991
4812,How can empirical research in Requirements Engineering be used to support continuous improvement in software processes?, How do the authors justify the lack of a proper study?,0.1990
4813,How can empirical research in Requirements Engineering address the challenge of generalizability?,How has the reporting of the subjects evolved over time?,0.1989
4814,How can empirical research in Requirements Engineering contribute to improving software development processes?,Do the authors use multiple digital libraries including publications from SE and RE and related disciplines for (systematic literature) reviews?,0.1989
4815,What are the methods for triangulating data in empirical Requirements Engineering studies?,Which digital libraries with publications from SE and RE and related disciplines do authors use for (systematic literature) reviews?,0.1988
4816,What are the key success factors for empirical studies in Requirements Engineering?,"""What is the proportion of theories from other disciplines, from other disciplines with adaptions for the SE and RE, and from SE and RE itself?""",0.1988
4817,What are the key challenges in synthesizing qualitative and quantitative data in Requirements Engineering research?,How many different empirical methods are used per publication?,0.1988
4818,How can empirical research in Requirements Engineering support the development of new tools and technologies?,What is the proportion of each of the three levels of sophistication for theories from SE and RE?,0.1988
4819,How can the scope of empirical studies in Requirements Engineering be systematically defined and reported?,How has the number of theories from SE and RE evolved over time?,0.1987
4820,What are the ethical considerations in conducting empirical research in Requirements Engineering?,Do the authors refer to a reference (website or systematic review) that systematizes and characterizes the theory incorporated?,0.1987
4821,How can empirical methods be used to evaluate software requirements specifications?,Do the authors exlain WHEN their apporach is better than others in a selected context with specific characteristics?,0.1986
4822,How can the threats to internal and external validity be mitigated in empirical studies of Requirements Engineering?,How many different empirical methods are used per publication?,0.1985
4823,"How can empirical methods in Requirements Engineering be adapted to address complex, real-world problems?",Do the authors report the selected context of their study with specific characteristics?,0.1985
4824,How can the reproducibility of empirical studies in Requirements Engineering be ensured?,How has the the reporting of the population evolved over time?,0.1984
4825,What are the methods for synthesizing empirical evidence from diverse study designs in Requirements Engineering?,How has the use of language (academic vs. plain) in scientific publications evolved over time?,0.1984
4826,Which empirical methods are most commonly deployed in industry-academia collaborations in Requirements Engineering?, How do the authors justify the lack of a proper study?,0.1984
4827,What are the best practices for designing and conducting action research in Requirements Engineering?,How often are which statistical methods used?,0.1983
4828,What are the implications of empirical research for the future of Requirements Engineering as a discipline?,How has the use of language (academic vs. plain) in scientific publications evolved over time?,0.1983
4829,What are the key challenges in synthesizing qualitative and quantitative data in Requirements Engineering research?,How has the proportion of each of the three levels of sophistication for theories from SE and RE evolved over time?,0.1982
4830,How can empirical methods be used to study the effectiveness of Requirements Management practices?,What types of threats to validity do the authors report?,0.1982
4831,How can empirical research contribute to the development of standardized practices in Requirements Engineering?,Do the authors exlain WHY their apporach is better than others in a selected context with specific characteristics?,0.1982
4832,How can empirical research in Requirements Engineering be used to support continuous improvement in software processes?,How often are which statistical methods used?,0.1982
4833,How can empirical research in Requirements Engineering be used to support continuous improvement in software processes?,How often are standards used to describe the theories incorporated?,0.1981
4834,How do empirical studies in Requirements Engineering integrate quantitative and qualitative approaches?,How has the use of power analysis and effect size estimation evolved over time?,0.1981
4835,What are the best practices for designing and conducting action research in Requirements Engineering?,How has the use of (a common set of empirically derived) criteria to characterize the quality of secondary research and thus the overall strength of a body of evidence evolved over time?,0.1981
4836,"How can empirical methods in Requirements Engineering be adapted to address complex, real-world problems?",Do the authors use (a common set of empirically derived) criteria to characterize the quality of secondary research and thus the overall strength of a body of evidence?,0.1980
4837,"How can empirical methods in Requirements Engineering be adapted to address complex, real-world problems?",How many publications are analyzed in (systematic literature) reviews?,0.1980
4838,How can empirical findings in Requirements Engineering be validated through multiple studies and contexts?,Do the authors use other channels to publish their results for making them available to industrial users?,0.1980
4839,What are the best practices for conducting systematic reviews in empirical Requirements Engineering research?,How has the use of statistical methods evolved over time?,0.1980
4840,How can empirical research in Requirements Engineering benefit from interdisciplinary approaches?,How has the proportion of each of the three levels of sophistication for theories from SE and RE evolved over time?,0.1980
4841,What are the trends in the methodological approaches used in empirical Requirements Engineering research?,"""Do electronic resources (digital libraries and databases) provide all the functionalies that support the identification, selection, and retrieval of bibliographic and full-text information about SE research?""",0.1979
4842,How has the use of empirical methods in Requirements Engineering evolved over time?,How do the authors justify preventing bias in the study results?,0.1979
4843,How can empirical research support the development of more effective Requirements Elicitation techniques?,Do the authors use other channels to publish their results for making them available to industrial users?,0.1979
4844,How can the effectiveness of empirical methods in Requirements Engineering be assessed?,Do the authors refer to a reference (website or systematic review) that systematizes and characterizes the theory incorporated?,0.1978
4845,What are the key success factors for empirical studies in Requirements Engineering?,Do the authors use other channels to publish their results for making them available to industrial users?,0.1977
4846,What are the primary research questions addressed by empirical methods in Requirements Engineering studies?,Do the authors use other channels to publish their results for making them available to industrial users?,0.1977
4847,How can empirical research contribute to the development of standardized practices in Requirements Engineering?,"""How has the proportion of theories from other disciplines, from other disciplines with adaptions for the SE (RE), and from SE (RE) itself evolved over time?""",0.1976
4848,How can empirical methods be used to study the effectiveness of Requirements Management practices?,How do the authors justify preventing bias in the study results?,0.1976
4849,How can empirical methods be used to evaluate software requirements specifications?,How has the proportion of each of the three levels of sophistication for theories from SE and RE evolved over time?,0.1975
4850,What are the considerations for designing controlled experiments in Requirements Engineering?,Do the authors exlain WHEN their apporach is better than others in a selected context with specific characteristics?,0.1975
4851,How can empirical research support the development of more effective Requirements Elicitation techniques?,"""Do electronic resources (digital libraries and databases) provide all the functionalies that support the identification, selection, and retrieval of bibliographic and full-text information about SE research?""",0.1975
4852,How can the use of empirical methods in Requirements Engineering research be improved?,How many theories from the SE and RE are there?,0.1974
4853,How can biases be minimized in empirical studies of Requirements Engineering?,"""Do the authors refer to and consistently use a basic terminology, descriptors, and keywords to identify and select primary studies for (systematic literature) reviews?""",0.1974
4854,What is the role of empirical methods in advancing the state-of-the-art in Requirements Engineering?,How has the use of language (academic vs. plain) in scientific publications evolved over time?,0.1974
4855,What are the core empirical methods used in Requirements Engineering research?,"""What is the proportion of theories from other disciplines, from other disciplines with adaptions for the SE and RE, and from SE and RE itself?""",0.1974
4856,How can empirical methods be used to evaluate the impact of new Requirements Engineering techniques?,"""Do the authors refer to and consistently use a basic terminology, descriptors, and keywords to identify and select primary studies for (systematic literature) reviews?""",0.1974
4857,How has the use of empirical methods in Requirements Engineering evolved over time?,"""On which levels of sophistication are the theories from SE and RE? (level 1, level 2, or level 3 defined in Sjøberg et al. [1])""",0.1973
4858,What mechanisms exist to facilitate industry-academia collaboration in empirical Requirements Engineering research?,How has the use of statistical methods evolved over time?,0.1973
4859,What are the key challenges in synthesizing qualitative and quantitative data in Requirements Engineering research?,How often are which statistical methods used?,0.1972
4860,How can empirical research in Requirements Engineering contribute to improving software development processes?,How often are which statistical methods used?,0.1972
4861,What are the implications of empirical research for Requirements Engineering education and training?,"""Do the authors refer to and consistently use a basic terminology, descriptors, and keywords to identify and select primary studies for (systematic literature) reviews?""",0.1972
4862,What are the methods for triangulating data in empirical Requirements Engineering studies?,How has the use of theories for a diverse and reflective generalization of study results evolved over time?,0.1972
4863,What is the role of empirical methods in advancing the state-of-the-art in Requirements Engineering?,"""On which levels of sophistication are the theories from SE and RE? (level 1, level 2, or level 3 defined in Sjøberg et al. [1])""",0.1972
4864,How can empirical research in Requirements Engineering address the challenge of generalizability?,How do the authors justify preventing bias in the study results?,0.1971
4865,What are the implications of heterogeneous interventions in empirical studies of Requirements Engineering?,How has the incorporation of theories in studies evolved over time?,0.1971
4866,How can the constructs and variables used in empirical Requirements Engineering research be defined and operationalized?,How many studies incorporate theories?,0.1970
4867,Which empirical methods are most commonly deployed in industry-academia collaborations in Requirements Engineering?,Do the authors exlain WHEN their apporach is better than others in a selected context with specific characteristics?,0.1970
4868,How can the use of empirical methods in Requirements Engineering research be improved?,How has the use of language (academic vs. plain) in scientific publications evolved over time?,0.1969
4869,How can the relevance and impact of empirical studies in Requirements Engineering be increased?,Do the authors use other channels to publish their results for making them available to industrial users?,0.1969
4870,What are the methods for conducting effective surveys in Requirements Engineering research?,What types of threats to validity do the authors report?,0.1969
4871,"How can empirical methods in Requirements Engineering be adapted to address complex, real-world problems?", How do the authors justify the lack of a proper study?,0.1969
4872,How can empirical studies in Requirements Engineering better address the needs of diverse stakeholders?,Do authors report that assumptions and limitations of statistical methods are met before using them?,0.1967
4873,How can empirical research in Requirements Engineering address the needs of global software development teams?,How do the authors justify preventing bias in the study results?,0.1967
4874,What are the common themes in the empirical literature on Requirements Engineering?,How do the authors justify preventing bias in the study results?,0.1967
4875,How can empirical studies in Requirements Engineering better address the needs of diverse stakeholders?,Do the authors use other channels to publish their results for making them available to industrial users?,0.1967
4876,How can industry feedback be systematically incorporated into empirical Requirements Engineering research?,How many theories from the SE and RE are there?,0.1965
4877,What are the implications of empirical research for Requirements Engineering education and training?,Do the authors refer to a reference (website or systematic review) that systematizes and characterizes the theory incorporated?,0.1965
4878,What are the critical success factors for industry-academia research collaborations in Requirements Engineering?,How has the number of theories from SE and RE evolved over time?,0.1964
4879,What are the future directions for empirical research in Requirements Engineering?,How has the proportion of each of the three levels of sophistication for theories from SE and RE evolved over time?,0.1964
4880,How can empirical research in Requirements Engineering support the development of new tools and technologies?,"""What is the proportion of theories from other disciplines, from other disciplines with adaptions for the SE and RE, and from SE and RE itself?""",0.1964
4881,What are the implications of empirical research for Requirements Engineering education and training?,What types of threats to validity do the authors report?,0.1964
4882,What are the common themes in the empirical literature on Requirements Engineering?,How has the incorporation of theories in studies evolved over time?,0.1964
4883,How can empirical methods be used to evaluate the impact of new Requirements Engineering techniques?,How many theories from the SE and RE are there?,0.1962
4884,What are the core empirical methods used in Requirements Engineering research?,How has the reporting of threats to validity evolved over time?,0.1962
4885,"In what ways can empirical research methods be integrated into software engineering education, specifically for Requirements Engineering?",How do the authors justify preventing bias in the study results?,0.1962
4886,How can empirical studies in Requirements Engineering better address the needs of diverse stakeholders?,Which digital libraries with publications from SE and RE and related disciplines do authors use for (systematic literature) reviews?,0.1961
4887,What are the implications of empirical research for Requirements Engineering education and training?,How often are which statistical methods used?,0.1961
4888,What are the considerations for designing controlled experiments in Requirements Engineering?,What types of threats to validity do the authors report?,0.1961
4889,How can biases be minimized in empirical studies of Requirements Engineering?,"""How up-to-date (and relevant) are reported (systematic) reviews, so-called secondary research?""",0.1961
4890,How can empirical research contribute to the development of standardized practices in Requirements Engineering?,How many theories from the SE and RE are there?,0.1960
4891,What is the role of empirical methods in advancing the state-of-the-art in Requirements Engineering?,How has the number of theories from SE and RE evolved over time?,0.1959
4892,How can empirical methods be used to evaluate the impact of new Requirements Engineering techniques?,"""What is the proportion of theories from other disciplines, from other disciplines with adaptions for the SE and RE, and from SE and RE itself?""",0.1959
4893,What are the methods for triangulating data in empirical Requirements Engineering studies?,Do the authors refer to a reference (website or systematic review) that systematizes and characterizes the theory incorporated?,0.1959
4894,How can empirical research contribute to the development of standardized practices in Requirements Engineering?,"""What is the proportion of theories from other disciplines, from other disciplines with adaptions for the SE and RE, and from SE and RE itself?""",0.1958
4895,How can empirical research support the development of more effective Requirements Elicitation techniques?,Do the authors use multiple digital libraries including publications from SE and RE and related disciplines for (systematic literature) reviews?,0.1958
4896,What are the implications of empirical research for Requirements Engineering education and training?,How has the use of language (academic vs. plain) in scientific publications evolved over time?,0.1958
4897,What are the future directions for empirical research in Requirements Engineering?,Do authors report that assumptions and limitations of statistical methods are met before using them?,0.1957
4898,What are the implications of empirical research for the future of Requirements Engineering as a discipline?,Do authors report that assumptions and limitations of statistical methods are met before using them?,0.1955
4899,What are the common challenges encountered in conducting empirical case studies in Requirements Engineering?,How often are which statistical methods used?,0.1954
4900,How can the threats to internal and external validity be mitigated in empirical studies of Requirements Engineering?,How often are which empirical methods used over time?,0.1953
4901,What are the key variables studied in empirical Requirements Engineering research?,Do authors report that assumptions and limitations of statistical methods are met before using them?,0.1952
4902,What are the key challenges in synthesizing qualitative and quantitative data in Requirements Engineering research?,How do the authors justify preventing bias in the study results?,0.1952
4903,What are the common challenges encountered in conducting empirical case studies in Requirements Engineering?,How has the incorporation of theories in studies evolved over time?,0.1951
4904,What are the methods for ensuring the transparency and reproducibility of empirical research in Requirements Engineering?,How often are those who conduct the studies also the authors of the papers?,0.1950
4905,What are the methods for assessing the impact of empirical studies in Requirements Engineering on industry practices?,How many theories from the SE and RE are there?,0.1949
4906,How can empirical methods guide the development of new SE technology in Requirements Engineering?,How has the use of language (academic vs. plain) in scientific publications evolved over time?,0.1948
4907,How can empirical findings in Requirements Engineering be translated into best practices?,Do the authors use multiple digital libraries including publications from SE and RE and related disciplines for (systematic literature) reviews?,0.1948
4908,What are the future directions for empirical research in Requirements Engineering?,"""On which levels of sophistication are the theories from SE and RE? (level 1, level 2, or level 3 defined in Sjøberg et al. [1])""",0.1947
4909,What are the criteria for assessing the credibility of empirical research findings in Requirements Engineering?,How has the the reporting of the population evolved over time?,0.1947
4910,How can the relevance and impact of empirical studies in Requirements Engineering be increased?,Which digital libraries with publications from SE and RE and related disciplines do authors use for (systematic literature) reviews?,0.1946
4911,How can empirical research in Requirements Engineering contribute to theory building?,How has the use of language (academic vs. plain) in scientific publications evolved over time?,0.1946
4912,What are the key success factors for empirical studies in Requirements Engineering?,"""On which levels of sophistication are the theories from SE and RE? (level 1, level 2, or level 3 defined in Sjøberg et al. [1])""",0.1946
4913,"How can empirical methods in Requirements Engineering be adapted to address complex, real-world problems?",How has the use of theories for a diverse and reflective generalization of study results evolved over time?,0.1945
4914,How can empirical research findings in Requirements Engineering be made more accessible to practitioners?,How has the the reporting of the population evolved over time?,0.1944
4915,How can empirical research in Requirements Engineering contribute to improving software development processes?,Do authors report that assumptions and limitations of statistical methods are met before using them?,0.1944
4916,How can empirical methods guide the development of new SE technology in Requirements Engineering?,Do the authors use other channels to publish their results for making them available to industrial users?,0.1944
4917,How can empirical methods be used to evaluate the impact of new Requirements Engineering techniques?,Do the authors use multiple digital libraries including publications from SE and RE and related disciplines for (systematic literature) reviews?,0.1944
4918,What are the major challenges in applying empirical methods to Requirements Engineering research?,How many theories from the SE and RE are there?,0.1944
4919,How can empirical research address the socio-technical aspects of Requirements Engineering?,Do the authors exlain WHEN their apporach is better than others in a selected context with specific characteristics?,0.1941
4920,How can the reproducibility of empirical studies in Requirements Engineering be ensured?,Do the authors exlain HOW their apporach is better than others in a selected context with specific characteristics?,0.1941
4921,How can empirical research contribute to the development of standardized practices in Requirements Engineering?,What types of threats to validity do the authors report?,0.1941
4922,How has the use of empirical methods in Requirements Engineering evolved over time?,Do the authors exlain WHEN their apporach is better than others in a selected context with specific characteristics?,0.1940
4923,What are the best practices for designing and conducting action research in Requirements Engineering?,"""How has building on previous research data and results, including from other disciplines, evolved over time?""",0.1939
4924,How can empirical research support the development of more effective Requirements Elicitation techniques?,Which digital libraries with publications from SE and RE and related disciplines do authors use for (systematic literature) reviews?,0.1939
4925,What are the criteria for selecting appropriate empirical methods for specific research questions in Requirements Engineering?,How often are those who conduct the studies also the authors of the papers?,0.1939
4926,How can the threats to internal and external validity be mitigated in empirical studies of Requirements Engineering?,How has the use of theories for a diverse and reflective generalization of study results evolved over time?,0.1938
4927,How can empirical research in Requirements Engineering address the challenge of generalizability?,How has the incorporation of theories in studies evolved over time?,0.1938
4928,What are the lessons learned from past empirical studies in Requirements Engineering?,How often are those who conduct the studies also the authors of the papers?,0.1937
4929,What are the criteria for selecting appropriate empirical methods for specific research questions in Requirements Engineering?,How has the reporting of the subjects evolved over time?,0.1937
4930,How can the relevance and impact of empirical studies in Requirements Engineering be increased?,"""On which levels of sophistication are the theories from SE and RE? (level 1, level 2, or level 3 defined in Sjøberg et al. [1])""",0.1936
4931,How can the scope of empirical studies in Requirements Engineering be systematically defined and reported?,"""Do electronic resources (digital libraries and databases) provide all the functionalies that support the identification, selection, and retrieval of bibliographic and full-text information about SE research?""",0.1936
4932,What are the methods for ensuring the transparency and reproducibility of empirical research in Requirements Engineering?,How has the use of language (academic vs. plain) in scientific publications evolved over time?,0.1936
4933,What are the critical research gaps in the empirical study of Requirements Engineering?,Do the authors exlain HOW their apporach is better than others in a selected context with specific characteristics?,0.1935
4934,How can empirical research in Requirements Engineering address the needs of global software development teams?,How many theories from the SE and RE are there?,0.1934
4935,What are the methods for triangulating data in empirical Requirements Engineering studies?,Do the authors use multiple digital libraries including publications from SE and RE and related disciplines for (systematic literature) reviews?,0.1934
4936,What are the implications of empirical research for Requirements Engineering education and training?,Do the authors exlain HOW their apporach is better than others in a selected context with specific characteristics?,0.1934
4937,How can empirical research findings in Requirements Engineering be made more accessible to practitioners?,How often are those who conduct the studies also the authors of the papers?,0.1933
4938,How can empirical research in Requirements Engineering address the needs of global software development teams?,Do the authors refer to a reference (website or systematic review) that systematizes and characterizes the theory incorporated?,0.1933
4939,How can the effectiveness of empirical methods in Requirements Engineering be assessed?,How do the authors justify preventing bias in the study results?,0.1932
4940,What are the methods for evaluating the reliability of empirical data in Requirements Engineering research?,Does the research design allow for efficient reuse of study (results) by other researchers?,0.1932
4941,What are the key challenges in synthesizing qualitative and quantitative data in Requirements Engineering research?,How often are which empirical methods used over time?,0.1931
4942,What are the best practices for designing and conducting action research in Requirements Engineering?,How has the number of empirical methods used per publication evolved over time?,0.1931
4943,What are the common themes in the empirical literature on Requirements Engineering?,"""How has the proportion of theories from other disciplines, from other disciplines with adaptions for the SE (RE), and from SE (RE) itself evolved over time?""",0.1930
4944,What are the key variables studied in empirical Requirements Engineering research?,Have the authors done a systematic review of related work?,0.1930
4945,How can the findings from empirical Requirements Engineering studies be synthesized and communicated to practitioners?,"""How has the proportion of theories from other disciplines, from other disciplines with adaptions for the SE (RE), and from SE (RE) itself evolved over time?""",0.1929
4946,What are the methods for assessing the impact of empirical studies in Requirements Engineering on industry practices?,"""Do electronic resources (digital libraries and databases) provide all the functionalies that support the identification, selection, and retrieval of bibliographic and full-text information about SE research?""",0.1928
4947,What are the common themes in the empirical literature on Requirements Engineering?,How has the reporting of threats to validity evolved over time?,0.1927
4948,How can the findings from empirical Requirements Engineering studies be synthesized and communicated to practitioners?,How has the use of language (academic vs. plain) in scientific publications evolved over time?,0.1926
4949,How can the relevance and impact of empirical studies in Requirements Engineering be increased?,"""Do electronic resources (digital libraries and databases) provide all the functionalies that support the identification, selection, and retrieval of bibliographic and full-text information about SE research?""",0.1926
4950,What are the implications of empirical research for the future of Requirements Engineering as a discipline?,How has the proportion of each of the three levels of sophistication for theories from SE and RE evolved over time?,0.1925
4951,What are the implications of empirical research for the future of Requirements Engineering as a discipline?,Which digital libraries with publications from SE and RE and related disciplines do authors use for (systematic literature) reviews?,0.1924
4952,What are the best practices for designing and conducting action research in Requirements Engineering?,How has the reporting of the context evolved over time?,0.1924
4953,What methods are used to ensure the reliability and validity of empirical data in Requirements Engineering research?,Do the authors use other channels to publish their results for making them available to industrial users?,0.1924
4954,How can empirical methods be used to evaluate the impact of new Requirements Engineering techniques?,How many studies incorporate theories?,0.1924
4955,How do empirical studies in Requirements Engineering integrate quantitative and qualitative approaches?,What types of threats to validity do the authors report?,0.1924
4956,What are the critical success factors for industry-academia research collaborations in Requirements Engineering?,Do the authors refer to a reference (website or systematic review) that systematizes and characterizes the theory incorporated?,0.1923
4957,What are the major challenges in applying empirical methods to Requirements Engineering research?,"""What is the proportion of theories from other disciplines, from other disciplines with adaptions for the SE and RE, and from SE and RE itself?""",0.1922
4958,What are the ethical considerations in conducting empirical research in Requirements Engineering?,How has the use of language (academic vs. plain) in scientific publications evolved over time?,0.1922
4959,What mechanisms exist to facilitate industry-academia collaboration in empirical Requirements Engineering research?,How has the reporting of the context evolved over time?,0.1921
4960,What are the methods for ensuring the transparency and reproducibility of empirical research in Requirements Engineering?,How many theories from the SE and RE are there?,0.1921
4961,How can industry feedback be systematically incorporated into empirical Requirements Engineering research?,What types of threats to validity do the authors report?,0.1920
4962,What are the implications of empirical research for the future of Requirements Engineering as a discipline?,What is the proportion of each of the three levels of sophistication for theories from SE and RE?,0.1920
4963,How can biases be minimized in empirical studies of Requirements Engineering?,How many theories from the SE and RE are there?,0.1918
4964,"How can empirical methods in Requirements Engineering be adapted to address complex, real-world problems?",How has the proportion of pure demonstrations (proof of concept) and simple experience reports (lessons learned) evolved over time?,0.1918
4965,How can industry feedback be systematically incorporated into empirical Requirements Engineering research?, How do the authors justify the lack of a proper study?,0.1918
4966,How can empirical research in Requirements Engineering address the needs of global software development teams?,How has the reporting of the subjects evolved over time?,0.1917
4967,What are the best practices for conducting systematic reviews in empirical Requirements Engineering research?,"""Do electronic resources (digital libraries and databases) provide all the functionalies that support the identification, selection, and retrieval of bibliographic and full-text information about SE research?""",0.1915
4968,What are the critical success factors for industry-academia research collaborations in Requirements Engineering?,What types of threats to validity do the authors report?,0.1913
4969,How do empirical studies in Requirements Engineering integrate quantitative and qualitative approaches?,Do the authors exlain WHY their apporach is better than others in a selected context with specific characteristics?,0.1913
4970,How can the reproducibility of empirical studies in Requirements Engineering be ensured?,How has the proportion of replications evolved over time?,0.1912
4971,What are the key challenges in synthesizing qualitative and quantitative data in Requirements Engineering research?,Have the authors done a systematic review of related work?,0.1912
4972,What are the major challenges in applying empirical methods to Requirements Engineering research?,How has the proportion of each of the three levels of sophistication for theories from SE and RE evolved over time?,0.1912
4973,What are the methods for conducting effective surveys in Requirements Engineering research?,How do the authors justify preventing bias in the study results?,0.1911
4974,What are the implications of empirical research for the future of Requirements Engineering as a discipline?,How do the authors justify preventing bias in the study results?,0.1911
4975,How can empirical research findings in Requirements Engineering be made more accessible to practitioners?,"""On which levels of sophistication are the theories from SE and RE? (level 1, level 2, or level 3 defined in Sjøberg et al. [1])""",0.1911
4976,How can the effectiveness of empirical methods in Requirements Engineering be assessed?,Do the authors use multiple digital libraries including publications from SE and RE and related disciplines for (systematic literature) reviews?,0.1911
4977,What are the guidelines for conducting high-quality empirical studies in Requirements Engineering?,How has the use of power analysis and effect size estimation evolved over time?,0.1910
4978,How can empirical methods guide the development of new SE technology in Requirements Engineering?, How do the authors justify the lack of a proper study?,0.1909
4979,What methods are used to ensure the reliability and validity of empirical data in Requirements Engineering research?,How has the proportion of each of the three levels of sophistication for theories from SE and RE evolved over time?,0.1908
4980,What are the core empirical methods used in Requirements Engineering research?,How often are those who conduct the studies also the authors of the papers?,0.1907
4981,How can empirical methods guide the development of new SE technology in Requirements Engineering?,How many studies incorporate theories?,0.1907
4982,What are the key challenges in synthesizing qualitative and quantitative data in Requirements Engineering research?,What is the proportion of each of the three levels of sophistication for theories from SE and RE?,0.1907
4983,What are the ethical considerations in conducting empirical research in Requirements Engineering?,How has the reporting of the setting evolved over time?,0.1906
4984,How can empirical research support the development of more effective Requirements Elicitation techniques?,How has the use of power analysis and effect size estimation evolved over time?,0.1905
4985,What are the core empirical methods used in Requirements Engineering research?,How do the authors justify preventing bias in the study results?,0.1904
4986,What are the methods for conducting effective surveys in Requirements Engineering research?,"""Do electronic resources (digital libraries and databases) provide all the functionalies that support the identification, selection, and retrieval of bibliographic and full-text information about SE research?""",0.1904
4987,What are the lessons learned from past empirical studies in Requirements Engineering?,Do the authors exlain WHEN their apporach is better than others in a selected context with specific characteristics?,0.1903
4988,What are the critical research gaps in the empirical study of Requirements Engineering?,Do the authors exlain WHY their apporach is better than others in a selected context with specific characteristics?,0.1903
4989,What are the critical research gaps in the empirical study of Requirements Engineering?,Do the authors use multiple digital libraries including publications from SE and RE and related disciplines for (systematic literature) reviews?,0.1902
4990,"How can empirical methods in Requirements Engineering be adapted to address complex, real-world problems?",Do the authors refer to a reference (website or systematic review) that systematizes and characterizes the theory incorporated?,0.1902
4991,How can empirical research in Requirements Engineering contribute to improving software development processes?,Which digital libraries with publications from SE and RE and related disciplines do authors use for (systematic literature) reviews?,0.1901
4992,How can empirical evidence in Requirements Engineering inform decision-making processes in software engineering?,How has the number of theories from SE and RE evolved over time?,0.1901
4993,How can industry feedback be systematically incorporated into empirical Requirements Engineering research?,"""How has the proportion of theories from other disciplines, from other disciplines with adaptions for the SE (RE), and from SE (RE) itself evolved over time?""",0.1901
4994,What criteria are used to evaluate the quality of empirical studies in Requirements Engineering?,"""What is the proportion of theories from other disciplines, from other disciplines with adaptions for the SE and RE, and from SE and RE itself?""",0.1899
4995,What are the common themes in the empirical literature on Requirements Engineering?,How often are those who conduct the studies also the authors of the papers?,0.1899
4996,What are the key challenges in synthesizing qualitative and quantitative data in Requirements Engineering research?,Do the authors refer to a reference (website or systematic review) that systematizes and characterizes the theory incorporated?,0.1899
4997,How can empirical research in Requirements Engineering address the challenge of generalizability?,"""Do the authors refer to and consistently use a basic terminology, descriptors, and keywords to identify and select primary studies for (systematic literature) reviews?""",0.1898
4998,What are the implications of empirical research for Requirements Engineering education and training?,How has the proportion of each of the three levels of sophistication for theories from SE and RE evolved over time?,0.1898
4999,What are the considerations for designing controlled experiments in Requirements Engineering?,How has the reporting of the setting evolved over time?,0.1897
5000,How can empirical research address the socio-technical aspects of Requirements Engineering?,How has the the reporting of the population evolved over time?,0.1897
5001,How can empirical research contribute to the development of standardized practices in Requirements Engineering?,How do the authors justify preventing bias in the study results?,0.1897
5002,How can the reproducibility of empirical studies in Requirements Engineering be ensured?,"""Do electronic resources (digital libraries and databases) provide all the functionalies that support the identification, selection, and retrieval of bibliographic and full-text information about SE research?""",0.1897
5003,"How can empirical methods in Requirements Engineering be adapted to address complex, real-world problems?",Do the authors exlain WHY their apporach is better than others in a selected context with specific characteristics?,0.1896
5004,What are the methods for ensuring the transparency and reproducibility of empirical research in Requirements Engineering?,How has the the reporting of the population evolved over time?,0.1895
5005,How can industry feedback be systematically incorporated into empirical Requirements Engineering research?,How has the use of statistical methods evolved over time?,0.1895
5006,What are the methods for evaluating the reliability of empirical data in Requirements Engineering research?,How has the the reporting of the population evolved over time?,0.1895
5007,What are the guidelines for conducting high-quality empirical studies in Requirements Engineering?,How often are those who conduct the studies also the authors of the papers?,0.1895
5008,What are the best practices for designing and conducting action research in Requirements Engineering?,Do authors report that assumptions and limitations of statistical methods are met before using them?,0.1894
5009,How can empirical research in Requirements Engineering address the needs of global software development teams?,Which digital libraries with publications from SE and RE and related disciplines do authors use for (systematic literature) reviews?,0.1894
5010,What are the major challenges in applying empirical methods to Requirements Engineering research?,Do the authors use other channels to publish their results for making them available to industrial users?,0.1894
5011,What are the methods for evaluating the reliability of empirical data in Requirements Engineering research?,What is the proportion of each of the three levels of sophistication for theories from SE and RE?,0.1893
5012,How can the threats to internal and external validity be mitigated in empirical studies of Requirements Engineering?,How has the reporting of the subjects evolved over time?,0.1893
5013,How can the relevance and impact of empirical studies in Requirements Engineering be increased?,How often are those who conduct the studies also the authors of the papers?,0.1892
5014,What are the methods for triangulating data in empirical Requirements Engineering studies?, How do the authors justify the lack of a proper study?,0.1892
5015,What are the criteria for selecting appropriate empirical methods for specific research questions in Requirements Engineering?,How has the use of language (academic vs. plain) in scientific publications evolved over time?,0.1892
5016,What are the considerations for designing controlled experiments in Requirements Engineering?,How has the reporting of the tasks evolved over time?,0.1889
5017,How can the threats to internal and external validity be mitigated in empirical studies of Requirements Engineering?,What is the proportion of each of the three levels of sophistication for theories from SE and RE?,0.1889
5018,What are the critical success factors for industry-academia research collaborations in Requirements Engineering?,How has the reporting of the objects of study / treatments evolved over time?,0.1888
5019,How can the external validity of empirical studies in Requirements Engineering be enhanced?,How often are those who conduct the studies also the authors of the papers?,0.1888
5020,What are the future directions for empirical research in Requirements Engineering?,Do the authors use other channels to publish their results for making them available to industrial users?,0.1888
5021,What are the future directions for empirical research in Requirements Engineering?,How often are those who conduct the studies also the authors of the papers?,0.1888
5022,How can the scope of empirical studies in Requirements Engineering be systematically defined and reported?,"""How has the proportion of theories from other disciplines, from other disciplines with adaptions for the SE (RE), and from SE (RE) itself evolved over time?""",0.1887
5023,What are the methods for conducting effective surveys in Requirements Engineering research?,How has the incorporation of theories in studies evolved over time?,0.1886
5024,What are the implications of empirical research for Requirements Engineering education and training?,Do the authors exlain WHY their apporach is better than others in a selected context with specific characteristics?,0.1886
5025,What are the best practices for designing and conducting action research in Requirements Engineering?,How often are which empirical methods used over time?,0.1885
5026,How can the threats to internal and external validity be mitigated in empirical studies of Requirements Engineering?,How has the reporting of the objects of study / treatments evolved over time?,0.1885
5027,How can empirical evidence in Requirements Engineering inform decision-making processes in software engineering?,Does the research design allow for efficient reuse of study (results) by other researchers?,0.1884
5028,"In what ways can empirical research methods be integrated into software engineering education, specifically for Requirements Engineering?",How has the number of theories from SE and RE evolved over time?,0.1884
5029,What methods are used to ensure the reliability and validity of empirical data in Requirements Engineering research?,How has the number of theories from SE and RE evolved over time?,0.1884
5030,How can empirical research in Requirements Engineering support the development of industry-relevant guidelines and checklists?,Do the authors exlain WHEN their apporach is better than others in a selected context with specific characteristics?,0.1884
5031,How can empirical studies in Requirements Engineering better address the needs of diverse stakeholders?,How has the use of power analysis and effect size estimation evolved over time?,0.1882
5032,Which empirical methods are recommended for synthesizing evidence in Requirements Engineering?,How often are those who conduct the studies also the authors of the papers?,0.1882
5033,How can the threats to internal and external validity be mitigated in empirical studies of Requirements Engineering?,Have the authors done a systematic review of related work?,0.1881
5034,How can empirical studies in Requirements Engineering be made more rigorous and impactful?,"""What is the proportion of theories from other disciplines, from other disciplines with adaptions for the SE and RE, and from SE and RE itself?""",0.1881
5035,How can empirical methods be used to study the effectiveness of Requirements Management practices?,Do the authors use multiple digital libraries including publications from SE and RE and related disciplines for (systematic literature) reviews?,0.1880
5036,What are the considerations for designing controlled experiments in Requirements Engineering?,Do the authors use other channels to publish their results for making them available to industrial users?,0.1879
5037,How can industry feedback be systematically incorporated into empirical Requirements Engineering research?,How many studies incorporate theories?,0.1878
5038,What are the common challenges encountered in conducting empirical case studies in Requirements Engineering?,How has the use of statistical methods evolved over time?,0.1878
5039,What are the future directions for empirical research in Requirements Engineering?,"""Do electronic resources (digital libraries and databases) provide all the functionalies that support the identification, selection, and retrieval of bibliographic and full-text information about SE research?""",0.1878
5040,What are the common themes in the empirical literature on Requirements Engineering?,"""Do electronic resources (digital libraries and databases) provide all the functionalies that support the identification, selection, and retrieval of bibliographic and full-text information about SE research?""",0.1877
5041,What are the future directions for empirical research in Requirements Engineering?,How has the reporting of threats to validity evolved over time?,0.1877
5042,What are the best practices for designing and conducting action research in Requirements Engineering?,"""Do electronic resources (digital libraries and databases) provide all the functionalies that support the identification, selection, and retrieval of bibliographic and full-text information about SE research?""",0.1876
5043,How can empirical studies in Requirements Engineering be made more rigorous and impactful?,Do the authors use multiple digital libraries including publications from SE and RE and related disciplines for (systematic literature) reviews?,0.1876
5044,How can empirical methods be used to evaluate the impact of new Requirements Engineering techniques?,Do the authors exlain WHEN their apporach is better than others in a selected context with specific characteristics?,0.1875
5045,How can empirical methods guide the development of new SE technology in Requirements Engineering?,Does the research design allow for efficient reuse of study (results) by other researchers?,0.1875
5046,How can empirical research in Requirements Engineering support the development of industry-relevant guidelines and checklists?,How has the use of power analysis and effect size estimation evolved over time?,0.1874
5047,What are the methods for synthesizing empirical evidence from diverse study designs in Requirements Engineering?,"""Do electronic resources (digital libraries and databases) provide all the functionalies that support the identification, selection, and retrieval of bibliographic and full-text information about SE research?""",0.1874
5048,How can empirical methods be used to evaluate the impact of new Requirements Engineering techniques?,Do the authors refer to a reference (website or systematic review) that systematizes and characterizes the theory incorporated?,0.1874
5049,How can the findings from empirical Requirements Engineering studies be synthesized and communicated to practitioners?,"""Do electronic resources (digital libraries and databases) provide all the functionalies that support the identification, selection, and retrieval of bibliographic and full-text information about SE research?""",0.1873
5050,How can empirical research in Requirements Engineering support the development of new tools and technologies?,How do the authors justify preventing bias in the study results?,0.1873
5051,What role do replications play in ensuring the robustness of empirical studies in Requirements Engineering?,How has the use of language (academic vs. plain) in scientific publications evolved over time?,0.1871
5052,How can empirical research in Requirements Engineering address the challenge of generalizability?,What types of threats to validity do the authors report?,0.1871
5053,How do empirical studies in Requirements Engineering integrate quantitative and qualitative approaches?,"""What is the proportion of theories from other disciplines, from other disciplines with adaptions for the SE and RE, and from SE and RE itself?""",0.1871
5054,What are the key variables studied in empirical Requirements Engineering research?,How many theories from the SE and RE are there?,0.1870
5055,How can empirical methods be used to evaluate the impact of new Requirements Engineering techniques?,Which digital libraries with publications from SE and RE and related disciplines do authors use for (systematic literature) reviews?,0.1869
5056,How can empirical research in Requirements Engineering be used to support continuous improvement in software processes?,Do the authors use multiple digital libraries including publications from SE and RE and related disciplines for (systematic literature) reviews?,0.1869
5057,How can empirical research in Requirements Engineering address the needs of global software development teams?,How has the number of theories from SE and RE evolved over time?,0.1869
5058,What are the lessons learned from past empirical studies in Requirements Engineering?,"""On which levels of sophistication are the theories from SE and RE? (level 1, level 2, or level 3 defined in Sjøberg et al. [1])""",0.1868
5059,What role do replications play in ensuring the robustness of empirical studies in Requirements Engineering?,"""On which levels of sophistication are the theories from SE and RE? (level 1, level 2, or level 3 defined in Sjøberg et al. [1])""",0.1868
5060,How can industry feedback be systematically incorporated into empirical Requirements Engineering research?,"""On which levels of sophistication are the theories from SE and RE? (level 1, level 2, or level 3 defined in Sjøberg et al. [1])""",0.1867
5061,What are the ethical considerations in conducting empirical research in Requirements Engineering?,How has the reporting of the context evolved over time?,0.1867
5062,How can empirical research support the development of more effective Requirements Elicitation techniques?,How has the reporting of threats to validity evolved over time?,0.1867
5063,What are the ethical considerations in conducting empirical research in Requirements Engineering?,Do the authors use multiple digital libraries including publications from SE and RE and related disciplines for (systematic literature) reviews?,0.1867
5064,What are the methods for triangulating data in empirical Requirements Engineering studies?,What types of threats to validity do the authors report?,0.1865
5065,What are the best practices for designing and conducting action research in Requirements Engineering?,How has the incorporation of theories in studies evolved over time?,0.1865
5066,How can empirical methods be used to study the effectiveness of Requirements Management practices?,"""How has building on previous research data and results, including from other disciplines, evolved over time?""",0.1863
5067,What are the key variables studied in empirical Requirements Engineering research?,How has the reporting of threats to validity evolved over time?,0.1862
5068,What are the implications of heterogeneous interventions in empirical studies of Requirements Engineering?,How has the proportion of each of the three levels of sophistication for theories from SE and RE evolved over time?,0.1862
5069,What are the major challenges in applying empirical methods to Requirements Engineering research?,How has the number of theories from SE and RE evolved over time?,0.1861
5070,How can the threats to internal and external validity be mitigated in empirical studies of Requirements Engineering?,"""On which levels of sophistication are the theories from SE and RE? (level 1, level 2, or level 3 defined in Sjøberg et al. [1])""",0.1861
5071,What are the implications of heterogeneous interventions in empirical studies of Requirements Engineering?,"""How has the proportion of theories from other disciplines, from other disciplines with adaptions for the SE (RE), and from SE (RE) itself evolved over time?""",0.1860
5072,What criteria are used to evaluate the quality of empirical studies in Requirements Engineering?,How has the incorporation of theories in studies evolved over time?,0.1860
5073,How can empirical findings in Requirements Engineering be validated through multiple studies and contexts?,"""Do electronic resources (digital libraries and databases) provide all the functionalies that support the identification, selection, and retrieval of bibliographic and full-text information about SE research?""",0.1860
5074,What are the standards for documenting and sharing empirical research data in Requirements Engineering?,How many theories from the SE and RE are there?,0.1859
5075,What are the implications of heterogeneous interventions in empirical studies of Requirements Engineering?,What is the proportion of each of the three levels of sophistication for theories from SE and RE?,0.1859
5076,How can the threats to internal and external validity be mitigated in empirical studies of Requirements Engineering?,How many theories from the SE and RE are there?,0.1859
5077,What are the common challenges encountered in conducting empirical case studies in Requirements Engineering?,Do the authors use multiple digital libraries including publications from SE and RE and related disciplines for (systematic literature) reviews?,0.1857
5078,What role do replications play in ensuring the robustness of empirical studies in Requirements Engineering?,How has the the reporting of the population evolved over time?,0.1856
5079,How can the findings from empirical Requirements Engineering studies be synthesized and communicated to practitioners?,How often are those who conduct the studies also the authors of the papers?,0.1856
5080,What are the guidelines for conducting high-quality empirical studies in Requirements Engineering?,How has the use of statistical methods evolved over time?,0.1856
5081,What are the implications of empirical research for Requirements Engineering education and training?,How has the reporting of the setting evolved over time?,0.1855
5082,What are the future directions for empirical research in Requirements Engineering?,Do the authors exlain HOW their apporach is better than others in a selected context with specific characteristics?,0.1855
5083,How can the threats to internal and external validity be mitigated in empirical studies of Requirements Engineering?,"""Do the authors refer to and consistently use a basic terminology, descriptors, and keywords to identify and select primary studies for (systematic literature) reviews?""",0.1855
5084,How can the constructs and variables used in empirical Requirements Engineering research be defined and operationalized?,Does the research design allow for efficient reuse of study (results) by other researchers?,0.1855
5085,What are the criteria for selecting appropriate empirical methods for specific research questions in Requirements Engineering?,How has the reporting of the context evolved over time?,0.1855
5086,What are the standards for documenting and sharing empirical research data in Requirements Engineering?,How do the authors justify preventing bias in the study results?,0.1855
5087,What are the best practices for conducting systematic reviews in empirical Requirements Engineering research?,How many theories from the SE and RE are there?,0.1854
5088,How can industry feedback be systematically incorporated into empirical Requirements Engineering research?,How has the number of theories from SE and RE evolved over time?,0.1853
5089,What are the key challenges in synthesizing qualitative and quantitative data in Requirements Engineering research?,How often are which empirical methods used?,0.1852
5090,How can the constructs and variables used in empirical Requirements Engineering research be defined and operationalized?,"""Do electronic resources (digital libraries and databases) provide all the functionalies that support the identification, selection, and retrieval of bibliographic and full-text information about SE research?""",0.1852
5091,How can biases be minimized in empirical studies of Requirements Engineering?,"""On which levels of sophistication are the theories from SE and RE? (level 1, level 2, or level 3 defined in Sjøberg et al. [1])""",0.1851
5092,How can empirical methods be used to study the effectiveness of Requirements Management practices?,How has the use of power analysis and effect size estimation evolved over time?,0.1851
5093,"In what ways can empirical research methods be integrated into software engineering education, specifically for Requirements Engineering?",How has the reporting of the context evolved over time?,0.1850
5094,What are the considerations for designing controlled experiments in Requirements Engineering?,How has the use of (a common set of empirically derived) criteria to characterize the quality of secondary research and thus the overall strength of a body of evidence evolved over time?,0.1850
5095,What are the key challenges in synthesizing qualitative and quantitative data in Requirements Engineering research?,Does the research design allow for efficient reuse of study (results) by other researchers?,0.1848
5096,How can empirical methods be used to study the effectiveness of Requirements Management practices?,Do the authors exlain WHEN their apporach is better than others in a selected context with specific characteristics?,0.1848
5097,What are the best practices for reporting empirical research findings in Requirements Engineering?,How has the number of theories from SE and RE evolved over time?,0.1847
5098,How can biases be minimized in empirical studies of Requirements Engineering?,How often are which statistical methods used?,0.1847
5099,How can empirical methods be used to evaluate software requirements specifications?,Which digital libraries with publications from SE and RE and related disciplines do authors use for (systematic literature) reviews?,0.1847
5100,How can the threats to internal and external validity be mitigated in empirical studies of Requirements Engineering?,"""How has the proportion of theories from other disciplines, from other disciplines with adaptions for the SE (RE), and from SE (RE) itself evolved over time?""",0.1846
5101,What are the key challenges in synthesizing qualitative and quantitative data in Requirements Engineering research?,Do the authors use other channels to publish their results for making them available to industrial users?,0.1846
5102,How can empirical research in Requirements Engineering contribute to improving software development processes?,Do the authors exlain WHEN their apporach is better than others in a selected context with specific characteristics?,0.1845
5103,What criteria are used to evaluate the quality of empirical studies in Requirements Engineering?,How has the use of language (academic vs. plain) in scientific publications evolved over time?,0.1844
5104,What methods are used to ensure the reliability and validity of empirical data in Requirements Engineering research?,How many theories from the SE and RE are there?,0.1843
5105,What are the major challenges in applying empirical methods to Requirements Engineering research?,How often are those who conduct the studies also the authors of the papers?,0.1842
5106,How can empirical research in Requirements Engineering address the challenge of generalizability?,How many studies incorporate theories?,0.1842
5107,What are the common themes in the empirical literature on Requirements Engineering?,How has the number of theories from SE and RE evolved over time?,0.1840
5108,How can the threats to internal and external validity be mitigated in empirical studies of Requirements Engineering?,"""What is the proportion of theories from other disciplines, from other disciplines with adaptions for the SE and RE, and from SE and RE itself?""",0.1840
5109,What are the standards for documenting and sharing empirical research data in Requirements Engineering?,"""On which levels of sophistication are the theories from SE and RE? (level 1, level 2, or level 3 defined in Sjøberg et al. [1])""",0.1840
5110,"In what ways can empirical research methods be integrated into software engineering education, specifically for Requirements Engineering?","""Do electronic resources (digital libraries and databases) provide all the functionalies that support the identification, selection, and retrieval of bibliographic and full-text information about SE research?""",0.1839
5111,What are the key challenges in synthesizing qualitative and quantitative data in Requirements Engineering research?,How has the use of power analysis and effect size estimation evolved over time?,0.1839
5112,What criteria are used to evaluate the quality of empirical studies in Requirements Engineering?,"""Do electronic resources (digital libraries and databases) provide all the functionalies that support the identification, selection, and retrieval of bibliographic and full-text information about SE research?""",0.1839
5113,How can empirical findings in Requirements Engineering be translated into best practices?,How has the incorporation of theories in studies evolved over time?,0.1839
5114,How can biases be minimized in empirical studies of Requirements Engineering?,Does the research design allow for efficient reuse of study (results) by other researchers?,0.1838
5115,What are the methods for triangulating data in empirical Requirements Engineering studies?,Do the authors use other channels to publish their results for making them available to industrial users?,0.1838
5116,What are the common challenges encountered in conducting empirical case studies in Requirements Engineering?,"""What is the proportion of theories from other disciplines, from other disciplines with adaptions for the SE and RE, and from SE and RE itself?""",0.1837
5117,What are the key variables studied in empirical Requirements Engineering research?,How has the use of language (academic vs. plain) in scientific publications evolved over time?,0.1837
5118,What are the key variables studied in empirical Requirements Engineering research?,Which digital libraries with publications from SE and RE and related disciplines do authors use for (systematic literature) reviews?,0.1836
5119,What are the key variables studied in empirical Requirements Engineering research?,Do the authors use multiple digital libraries including publications from SE and RE and related disciplines for (systematic literature) reviews?,0.1836
5120,What are the key challenges in synthesizing qualitative and quantitative data in Requirements Engineering research?,"""On which levels of sophistication are the theories from SE and RE? (level 1, level 2, or level 3 defined in Sjøberg et al. [1])""",0.1835
5121,What are the implications of heterogeneous interventions in empirical studies of Requirements Engineering?,How has the use of statistical methods evolved over time?,0.1835
5122,What is the role of empirical methods in advancing the state-of-the-art in Requirements Engineering?,Does the research design allow for efficient reuse of study (results) by other researchers?,0.1833
5123,How can empirical research in Requirements Engineering be used to support continuous improvement in software processes?,How has the reporting of the subjects evolved over time?,0.1831
5124,What are the key success factors for empirical studies in Requirements Engineering?,"""How has the proportion of theories from other disciplines, from other disciplines with adaptions for the SE (RE), and from SE (RE) itself evolved over time?""",0.1831
5125,How can empirical research contribute to the development of standardized practices in Requirements Engineering?,"""Do electronic resources (digital libraries and databases) provide all the functionalies that support the identification, selection, and retrieval of bibliographic and full-text information about SE research?""",0.1830
5126,How can empirical research in Requirements Engineering be used to inform policy-making in software engineering?,Do the authors exlain HOW their apporach is better than others in a selected context with specific characteristics?,0.1830
5127,How can empirical research in Requirements Engineering benefit from interdisciplinary approaches?,How many theories from the SE and RE are there?,0.1829
5128,Which empirical methods are most commonly deployed in industry-academia collaborations in Requirements Engineering?,How do the authors justify preventing bias in the study results?,0.1829
5129,What is the role of empirical methods in advancing the state-of-the-art in Requirements Engineering?,How many theories from the SE and RE are there?,0.1828
5130,What are the lessons learned from past empirical studies in Requirements Engineering?,How has the the reporting of the population evolved over time?,0.1828
5131,How can the scope of empirical studies in Requirements Engineering be systematically defined and reported?,How has the use of language (academic vs. plain) in scientific publications evolved over time?,0.1828
5132,What are the key success factors for empirical studies in Requirements Engineering?,"""Do electronic resources (digital libraries and databases) provide all the functionalies that support the identification, selection, and retrieval of bibliographic and full-text information about SE research?""",0.1827
5133,What are the best practices for reporting empirical research findings in Requirements Engineering?,What is the proportion of each of the three levels of sophistication for theories from SE and RE?,0.1826
5134,What are the methods for ensuring the transparency and reproducibility of empirical research in Requirements Engineering?,"""Do electronic resources (digital libraries and databases) provide all the functionalies that support the identification, selection, and retrieval of bibliographic and full-text information about SE research?""",0.1825
5135,How can empirical methods guide the development of new SE technology in Requirements Engineering?,How has the use of power analysis and effect size estimation evolved over time?,0.1825
5136,What is the role of empirical methods in advancing the state-of-the-art in Requirements Engineering?,Do the authors use other channels to publish their results for making them available to industrial users?,0.1824
5137,What are the best practices for reporting empirical research findings in Requirements Engineering?,How has the use of power analysis and effect size estimation evolved over time?,0.1823
5138,How can empirical research in Requirements Engineering contribute to theory building?,"""Do electronic resources (digital libraries and databases) provide all the functionalies that support the identification, selection, and retrieval of bibliographic and full-text information about SE research?""",0.1822
5139,What are the critical success factors for industry-academia research collaborations in Requirements Engineering?,How has the use of language (academic vs. plain) in scientific publications evolved over time?,0.1820
5140,How can industry feedback be systematically incorporated into empirical Requirements Engineering research?,Do the authors exlain WHY their apporach is better than others in a selected context with specific characteristics?,0.1817
5141,How can empirical research in Requirements Engineering address the needs of global software development teams?,How often are those who conduct the studies also the authors of the papers?,0.1816
5142,How can empirical research in Requirements Engineering be used to inform policy-making in software engineering?,What is the proportion of each of the three levels of sophistication for theories from SE and RE?,0.1814
5143,What criteria are used to evaluate the quality of empirical studies in Requirements Engineering?,How many theories from the SE and RE are there?,0.1814
5144,How can the constructs and variables used in empirical Requirements Engineering research be defined and operationalized?,Do the authors exlain WHY their apporach is better than others in a selected context with specific characteristics?,0.1813
5145,What are the methods for ensuring the transparency and reproducibility of empirical research in Requirements Engineering?,How has the number of theories from SE and RE evolved over time?,0.1812
5146,What are the common challenges encountered in conducting empirical case studies in Requirements Engineering?,Do the authors exlain WHEN their apporach is better than others in a selected context with specific characteristics?,0.1812
5147,What are the methods for evaluating the reliability of empirical data in Requirements Engineering research?,"""For which purpose do authors incorporate theories into their studies (use, testing, modification, formulation)?""",0.1812
5148,How can empirical research in Requirements Engineering be used to support continuous improvement in software processes?,"""Do the authors use standards to describe the theories incorporated (used, tested, modified, formulated)?""",0.1812
5149,What methods are used to ensure the reliability and validity of empirical data in Requirements Engineering research?,How has the the reporting of the population evolved over time?,0.1808
5150,What are the best practices for designing and conducting action research in Requirements Engineering?,How has the use of standards to describe the theories incorporated evolved over time?,0.1808
5151,What are the future directions for empirical research in Requirements Engineering?,Do the authors use multiple digital libraries including publications from SE and RE and related disciplines for (systematic literature) reviews?,0.1807
5152,What is the role of empirical methods in advancing the state-of-the-art in Requirements Engineering?,What types of threats to validity do the authors report?,0.1806
5153,How can empirical data from multiple studies be effectively integrated in Requirements Engineering research?,How has the the reporting of the population evolved over time?,0.1804
5154,How can the constructs and variables used in empirical Requirements Engineering research be defined and operationalized?,"""How up-to-date (and relevant) are reported (systematic) reviews, so-called secondary research?""",0.1802
5155,Which empirical methods are most commonly deployed in industry-academia collaborations in Requirements Engineering?,"""On which levels of sophistication are the theories from SE and RE? (level 1, level 2, or level 3 defined in Sjøberg et al. [1])""",0.1802
5156,How has the use of empirical methods in Requirements Engineering evolved over time?,How often are those who conduct the studies also the authors of the papers?,0.1802
5157,What are the implications of heterogeneous interventions in empirical studies of Requirements Engineering?,How has the use of power analysis and effect size estimation evolved over time?,0.1802
5158,What are the critical success factors for industry-academia research collaborations in Requirements Engineering?,How has the reporting of the subjects evolved over time?,0.1801
5159,What are the methods for ensuring the transparency and reproducibility of empirical research in Requirements Engineering?,"""On which levels of sophistication are the theories from SE and RE? (level 1, level 2, or level 3 defined in Sjøberg et al. [1])""",0.1801
5160,What are the ethical considerations in conducting empirical research in Requirements Engineering?,"""On which levels of sophistication are the theories from SE and RE? (level 1, level 2, or level 3 defined in Sjøberg et al. [1])""",0.1799
5161,What are the best practices for designing and conducting action research in Requirements Engineering?,How has the proportion of pure demonstrations (proof of concept) and simple experience reports (lessons learned) evolved over time?,0.1799
5162,How has the use of empirical methods in Requirements Engineering evolved over time?,How has the proportion of replications evolved over time?,0.1798
5163,What are the common challenges encountered in conducting empirical case studies in Requirements Engineering?,What is the proportion of each of the three levels of sophistication for theories from SE and RE?,0.1798
5164,How can the threats to internal and external validity be mitigated in empirical studies of Requirements Engineering?,How many studies incorporate theories?,0.1798
5165,How can empirical research in Requirements Engineering support the development of new tools and technologies?,Do the authors exlain HOW their apporach is better than others in a selected context with specific characteristics?,0.1797
5166,What are the core empirical methods used in Requirements Engineering research?,"""How has the proportion of theories from other disciplines, from other disciplines with adaptions for the SE (RE), and from SE (RE) itself evolved over time?""",0.1796
5167,What are the best practices for designing and conducting action research in Requirements Engineering?,Do the authors use (a common set of empirically derived) criteria to characterize the quality of secondary research and thus the overall strength of a body of evidence?,0.1795
5168,What are the criteria for assessing the credibility of empirical research findings in Requirements Engineering?,How often are those who conduct the studies also the authors of the papers?,0.1795
5169,"In what ways can empirical research methods be integrated into software engineering education, specifically for Requirements Engineering?",Do the authors use other channels to publish their results for making them available to industrial users?,0.1795
5170,What are the future directions for empirical research in Requirements Engineering?,"""What is the proportion of theories from other disciplines, from other disciplines with adaptions for the SE and RE, and from SE and RE itself?""",0.1794
5171,How can the use of empirical methods in Requirements Engineering research be improved?,"""What is the proportion of theories from other disciplines, from other disciplines with adaptions for the SE and RE, and from SE and RE itself?""",0.1794
5172,"How can empirical methods in Requirements Engineering be adapted to address complex, real-world problems?",How has the reporting of research questions and answers evolved over time?,0.1792
5173,What are the methods for evaluating the reliability of empirical data in Requirements Engineering research?,How has the use of theories for a diverse and reflective generalization of study results evolved over time?,0.1792
5174,How can the threats to internal and external validity be mitigated in empirical studies of Requirements Engineering?,How has the reporting of the setting evolved over time?,0.1792
5175,What are the best practices for conducting systematic reviews in empirical Requirements Engineering research?,Do the authors exlain WHEN their apporach is better than others in a selected context with specific characteristics?,0.1792
5176,What are the critical success factors for industry-academia research collaborations in Requirements Engineering?,How many different empirical methods are used per publication?,0.1792
5177,What mechanisms exist to facilitate industry-academia collaboration in empirical Requirements Engineering research?,How has the reporting of threats to validity evolved over time?,0.1791
5178,What are the guidelines for conducting high-quality empirical studies in Requirements Engineering?,How has the incorporation of theories in studies evolved over time?,0.1790
5179,What are the common challenges encountered in conducting empirical case studies in Requirements Engineering?,How many theories from the SE and RE are there?,0.1789
5180,What are the methods for assessing the impact of empirical studies in Requirements Engineering on industry practices?,Do the authors exlain WHEN their apporach is better than others in a selected context with specific characteristics?,0.1787
5181,What are the implications of empirical research for the future of Requirements Engineering as a discipline?,"""Do electronic resources (digital libraries and databases) provide all the functionalies that support the identification, selection, and retrieval of bibliographic and full-text information about SE research?""",0.1787
5182,What are the trends in the methodological approaches used in empirical Requirements Engineering research?,How do the authors justify preventing bias in the study results?,0.1787
5183,What are the considerations for designing controlled experiments in Requirements Engineering?,How has the use of power analysis and effect size estimation evolved over time?,0.1786
5184,What are the key challenges in synthesizing qualitative and quantitative data in Requirements Engineering research?,How has the number of theories from SE and RE evolved over time?,0.1786
5185,What criteria are used to evaluate the quality of empirical studies in Requirements Engineering?,How often are those who conduct the studies also the authors of the papers?,0.1786
5186,What are the common challenges encountered in conducting empirical case studies in Requirements Engineering?,Does the research design allow for efficient reuse of study (results) by other researchers?,0.1785
5187,What are the major challenges in applying empirical methods to Requirements Engineering research?,"""How has the proportion of theories from other disciplines, from other disciplines with adaptions for the SE (RE), and from SE (RE) itself evolved over time?""",0.1784
5188,How do empirical studies in Requirements Engineering integrate quantitative and qualitative approaches?,Do the authors exlain WHEN their apporach is better than others in a selected context with specific characteristics?,0.1783
5189,What are the guidelines for conducting high-quality empirical studies in Requirements Engineering?,How has the proportion of each of the three levels of sophistication for theories from SE and RE evolved over time?,0.1782
5190,How can empirical findings in Requirements Engineering be translated into best practices?,How has the use of power analysis and effect size estimation evolved over time?,0.1782
5191,How do empirical studies in Requirements Engineering integrate quantitative and qualitative approaches?,How has the number of theories from SE and RE evolved over time?,0.1780
5192,What are the standards for documenting and sharing empirical research data in Requirements Engineering?,"""What is the proportion of theories from other disciplines, from other disciplines with adaptions for the SE and RE, and from SE and RE itself?""",0.1779
5193,How can empirical research in Requirements Engineering address the challenge of generalizability?,Have the authors done a systematic review of related work?,0.1778
5194,What are the best practices for designing and conducting action research in Requirements Engineering?,How often are those who conduct the studies also the authors of the papers?,0.1778
5195,How can the scope of empirical studies in Requirements Engineering be systematically defined and reported?,Do the authors exlain WHY their apporach is better than others in a selected context with specific characteristics?,0.1778
5196,"In what ways can empirical research methods be integrated into software engineering education, specifically for Requirements Engineering?","""What is the proportion of theories from other disciplines, from other disciplines with adaptions for the SE and RE, and from SE and RE itself?""",0.1777
5197,How can empirical methods be used to evaluate software requirements specifications?,How has the number of theories from SE and RE evolved over time?,0.1776
5198,What are the standards for documenting and sharing empirical research data in Requirements Engineering?,What is the proportion of each of the three levels of sophistication for theories from SE and RE?,0.1776
5199,What are the methods for evaluating the reliability of empirical data in Requirements Engineering research?,Do the authors exlain WHEN their apporach is better than others in a selected context with specific characteristics?,0.1776
5200,What are the methods for evaluating the reliability of empirical data in Requirements Engineering research?,How has the proportion of each of the three levels of sophistication for theories from SE and RE evolved over time?,0.1775
5201,What are the best practices for reporting empirical research findings in Requirements Engineering?,How has the proportion of each of the three levels of sophistication for theories from SE and RE evolved over time?,0.1774
5202,What are the implications of empirical research for the future of Requirements Engineering as a discipline?,Do the authors refer to a reference (website or systematic review) that systematizes and characterizes the theory incorporated?,0.1774
5203,How has the use of empirical methods in Requirements Engineering evolved over time?,How has the definition of the population evolved over time?,0.1773
5204,What are the critical research gaps in the empirical study of Requirements Engineering?,"""Do electronic resources (digital libraries and databases) provide all the functionalies that support the identification, selection, and retrieval of bibliographic and full-text information about SE research?""",0.1773
5205,How can empirical research in Requirements Engineering be used to inform policy-making in software engineering?,Do the authors use other channels to publish their results for making them available to industrial users?,0.1772
5206,What are the ethical considerations in conducting empirical research in Requirements Engineering?,How has the use of power analysis and effect size estimation evolved over time?,0.1772
5207,How can the use of empirical methods in Requirements Engineering research be improved?,"""How has the proportion of theories from other disciplines, from other disciplines with adaptions for the SE (RE), and from SE (RE) itself evolved over time?""",0.1771
5208,How can empirical studies support the validation and refinement of Requirements Engineering theories?,"""Do electronic resources (digital libraries and databases) provide all the functionalies that support the identification, selection, and retrieval of bibliographic and full-text information about SE research?""",0.1769
5209,What are the considerations for designing controlled experiments in Requirements Engineering?,How has the proportion of empirical studies evolved over time?,0.1769
5210,How can the effectiveness of empirical methods in Requirements Engineering be assessed?,How has the number of theories from SE and RE evolved over time?,0.1769
5211,What are the implications of empirical research for the future of Requirements Engineering as a discipline?,How often are which statistical methods used?,0.1768
5212,How can the effectiveness of empirical methods in Requirements Engineering be assessed?,How many studies incorporate theories?,0.1767
5213,How can empirical research in Requirements Engineering address the challenge of generalizability?,"""How has the proportion of theories from other disciplines, from other disciplines with adaptions for the SE (RE), and from SE (RE) itself evolved over time?""",0.1766
5214,How can empirical methods be used to study the effectiveness of Requirements Management practices?,How has the the reporting of the population evolved over time?,0.1765
5215,How can empirical methods be used to evaluate the impact of new Requirements Engineering techniques?,How do the authors justify preventing bias in the study results?,0.1765
5216,How do empirical studies in Requirements Engineering integrate quantitative and qualitative approaches?,"""Do electronic resources (digital libraries and databases) provide all the functionalies that support the identification, selection, and retrieval of bibliographic and full-text information about SE research?""",0.1765
5217,What are the ethical considerations in conducting empirical research in Requirements Engineering?,Which digital libraries with publications from SE and RE and related disciplines do authors use for (systematic literature) reviews?,0.1764
5218,How can empirical methods be used to evaluate software requirements specifications?,"""On which levels of sophistication are the theories from SE and RE? (level 1, level 2, or level 3 defined in Sjøberg et al. [1])""",0.1764
5219,What are the methods for triangulating data in empirical Requirements Engineering studies?,Do the authors exlain HOW their apporach is better than others in a selected context with specific characteristics?,0.1763
5220,How can empirical evidence in Requirements Engineering inform decision-making processes in software engineering?,Do the authors use multiple digital libraries including publications from SE and RE and related disciplines for (systematic literature) reviews?,0.1763
5221,What are the methods for triangulating data in empirical Requirements Engineering studies?,How has the incorporation of theories in studies evolved over time?,0.1763
5222,What are the future directions for empirical research in Requirements Engineering?,How has the use of language (academic vs. plain) in scientific publications evolved over time?,0.1762
5223,How can empirical studies in Requirements Engineering be made more rigorous and impactful?,Which digital libraries with publications from SE and RE and related disciplines do authors use for (systematic literature) reviews?,0.1762
5224,How can the threats to internal and external validity be mitigated in empirical studies of Requirements Engineering?,Does the research design allow for efficient reuse of study (results) by other researchers?,0.1761
5225,How can empirical research in Requirements Engineering address the challenge of generalizability?,Do the authors refer to a reference (website or systematic review) that systematizes and characterizes the theory incorporated?,0.1761
5226,What is the role of empirical methods in advancing the state-of-the-art in Requirements Engineering?,"""How has the proportion of theories from other disciplines, from other disciplines with adaptions for the SE (RE), and from SE (RE) itself evolved over time?""",0.1757
5227,What are the key variables studied in empirical Requirements Engineering research?,Does the research design allow for efficient reuse of study (results) by other researchers?,0.1756
5228,How can empirical findings in Requirements Engineering be translated into best practices?,How many theories from the SE and RE are there?,0.1755
5229,How can empirical methods be used to evaluate software requirements specifications?,Do the authors use multiple digital libraries including publications from SE and RE and related disciplines for (systematic literature) reviews?,0.1755
5230,What are the methods for synthesizing empirical evidence from diverse study designs in Requirements Engineering?,How has the the reporting of the population evolved over time?,0.1755
5231,What are the common themes in the empirical literature on Requirements Engineering?,How has the use of language (academic vs. plain) in scientific publications evolved over time?,0.1754
5232,What are the methods for conducting effective surveys in Requirements Engineering research?,"""On which levels of sophistication are the theories from SE and RE? (level 1, level 2, or level 3 defined in Sjøberg et al. [1])""",0.1754
5233,What are the methods for evaluating the reliability of empirical data in Requirements Engineering research?,Do the authors exlain WHY their apporach is better than others in a selected context with specific characteristics?,0.1753
5234,How can the threats to internal and external validity be mitigated in empirical studies of Requirements Engineering?,Do the authors use multiple digital libraries including publications from SE and RE and related disciplines for (systematic literature) reviews?,0.1753
5235,How can the reproducibility of empirical studies in Requirements Engineering be ensured?,Do the authors exlain WHY their apporach is better than others in a selected context with specific characteristics?,0.1752
5236,What are the core empirical methods used in Requirements Engineering research?,Do the authors use other channels to publish their results for making them available to industrial users?,0.1751
5237,What are the key challenges in synthesizing qualitative and quantitative data in Requirements Engineering research?,How many theories from the SE and RE are there?,0.1751
5238,What methods are used to ensure the reliability and validity of empirical data in Requirements Engineering research?,How often are those who conduct the studies also the authors of the papers?,0.1750
5239,"In what ways can empirical research methods be integrated into software engineering education, specifically for Requirements Engineering?",Do the authors exlain HOW their apporach is better than others in a selected context with specific characteristics?,0.1750
5240,How can empirical findings in Requirements Engineering be translated into best practices?,"""On which levels of sophistication are the theories from SE and RE? (level 1, level 2, or level 3 defined in Sjøberg et al. [1])""",0.1749
5241,What are the key variables studied in empirical Requirements Engineering research?,"""How has the proportion of theories from other disciplines, from other disciplines with adaptions for the SE (RE), and from SE (RE) itself evolved over time?""",0.1747
5242,What are the criteria for selecting appropriate empirical methods for specific research questions in Requirements Engineering?,How has the reporting of threats to validity evolved over time?,0.1747
5243,How can empirical research in Requirements Engineering address the challenge of generalizability?,How often are which statistical methods used?,0.1747
5244,What are the common challenges encountered in conducting empirical case studies in Requirements Engineering?,How often are those who conduct the studies also the authors of the papers?,0.1746
5245,How has the use of empirical methods in Requirements Engineering evolved over time?,"""What is the proportion of theories from other disciplines, from other disciplines with adaptions for the SE and RE, and from SE and RE itself?""",0.1746
5246,"How can empirical methods in Requirements Engineering be adapted to address complex, real-world problems?",How has the number of theories from SE and RE evolved over time?,0.1746
5247,How can the use of empirical methods in Requirements Engineering research be improved?,"""On which levels of sophistication are the theories from SE and RE? (level 1, level 2, or level 3 defined in Sjøberg et al. [1])""",0.1746
5248,"In what ways can empirical research methods be integrated into software engineering education, specifically for Requirements Engineering?",How many theories from the SE and RE are there?,0.1744
5249,"How can empirical methods in Requirements Engineering be adapted to address complex, real-world problems?",How has the reporting of the objects of study / treatments evolved over time?,0.1743
5250,What are the methods for triangulating data in empirical Requirements Engineering studies?,How has the number of theories from SE and RE evolved over time?,0.1743
5251,How can empirical findings in Requirements Engineering be translated into best practices?,How has the use of language (academic vs. plain) in scientific publications evolved over time?,0.1743
5252,What are the implications of heterogeneous interventions in empirical studies of Requirements Engineering?,Do the authors use other channels to publish their results for making them available to industrial users?,0.1743
5253,What are the implications of empirical research for the future of Requirements Engineering as a discipline?,Do the authors use other channels to publish their results for making them available to industrial users?,0.1742
5254,What are the critical research gaps in the empirical study of Requirements Engineering?,How has the use of statistical methods evolved over time?,0.1742
5255,What are the guidelines for conducting high-quality empirical studies in Requirements Engineering?,"""What is the proportion of theories from other disciplines, from other disciplines with adaptions for the SE and RE, and from SE and RE itself?""",0.1741
5256,How can the effectiveness of empirical methods in Requirements Engineering be assessed?,"""On which levels of sophistication are the theories from SE and RE? (level 1, level 2, or level 3 defined in Sjøberg et al. [1])""",0.1741
5257,What are the considerations for designing controlled experiments in Requirements Engineering?,How has the number of empirical methods used per publication evolved over time?,0.1739
5258,What are the best practices for conducting systematic reviews in empirical Requirements Engineering research?,How has the number of theories from SE and RE evolved over time?,0.1739
5259,"In what ways can empirical research methods be integrated into software engineering education, specifically for Requirements Engineering?",What is the proportion of each of the three levels of sophistication for theories from SE and RE?,0.1738
5260,How can empirical research in Requirements Engineering address the needs of global software development teams?,Do the authors use other channels to publish their results for making them available to industrial users?,0.1738
5261,What methods are used to ensure the reliability and validity of empirical data in Requirements Engineering research?,"""What is the proportion of theories from other disciplines, from other disciplines with adaptions for the SE and RE, and from SE and RE itself?""",0.1737
5262,How can empirical research contribute to the development of standardized practices in Requirements Engineering?,"""On which levels of sophistication are the theories from SE and RE? (level 1, level 2, or level 3 defined in Sjøberg et al. [1])""",0.1737
5263,How can empirical research in Requirements Engineering contribute to improving software development processes?,"""How has the proportion of theories from other disciplines, from other disciplines with adaptions for the SE (RE), and from SE (RE) itself evolved over time?""",0.1736
5264,What are the methods for assessing the impact of empirical studies in Requirements Engineering on industry practices?,Do the authors exlain WHY their apporach is better than others in a selected context with specific characteristics?,0.1734
5265,What are the implications of empirical research for the future of Requirements Engineering as a discipline?,How often are those who conduct the studies also the authors of the papers?,0.1734
5266,How do empirical studies in Requirements Engineering integrate quantitative and qualitative approaches?,"""On which levels of sophistication are the theories from SE and RE? (level 1, level 2, or level 3 defined in Sjøberg et al. [1])""",0.1732
5267,What are the key challenges in synthesizing qualitative and quantitative data in Requirements Engineering research?,Do the authors exlain HOW their apporach is better than others in a selected context with specific characteristics?,0.1732
5268,How can empirical research in Requirements Engineering address the needs of global software development teams?,How often are which statistical methods used?,0.1731
5269,How can empirical findings in Requirements Engineering be translated into best practices?,What is the proportion of each of the three levels of sophistication for theories from SE and RE?,0.1730
5270,How can the threats to internal and external validity be mitigated in empirical studies of Requirements Engineering?,How has the proportion of each of the three levels of sophistication for theories from SE and RE evolved over time?,0.1730
5271,How can empirical research in Requirements Engineering support the development of new tools and technologies?,Do the authors exlain WHY their apporach is better than others in a selected context with specific characteristics?,0.1730
5272,How can empirical research support the development of more effective Requirements Elicitation techniques?,How has the reporting of the subjects evolved over time?,0.1730
5273,What are the standards for documenting and sharing empirical research data in Requirements Engineering?,How has the number of theories from SE and RE evolved over time?,0.1729
5274,How can empirical research support the development of more effective Requirements Elicitation techniques?,How has the use of language (academic vs. plain) in scientific publications evolved over time?,0.1728
5275,How can empirical research in Requirements Engineering be used to support continuous improvement in software processes?,How has the reporting of threats to validity evolved over time?,0.1726
5276,How can empirical research in Requirements Engineering be used to inform policy-making in software engineering?,How often are those who conduct the studies also the authors of the papers?,0.1726
5277,How can empirical methods guide the development of new SE technology in Requirements Engineering?,Do the authors exlain HOW their apporach is better than others in a selected context with specific characteristics?,0.1725
5278,"How can empirical methods in Requirements Engineering be adapted to address complex, real-world problems?",How many studies incorporate theories?,0.1725
5279,How can empirical studies in Requirements Engineering better address the needs of diverse stakeholders?,How has the use of statistical methods evolved over time?,0.1724
5280,What are the methods for ensuring the transparency and reproducibility of empirical research in Requirements Engineering?,How has the proportion of replications evolved over time?,0.1724
5281,"In what ways can empirical research methods be integrated into software engineering education, specifically for Requirements Engineering?",How has the use of power analysis and effect size estimation evolved over time?,0.1723
5282,What are the ethical considerations in conducting empirical research in Requirements Engineering?,What is the proportion of each of the three levels of sophistication for theories from SE and RE?,0.1722
5283,What are the guidelines for conducting high-quality empirical studies in Requirements Engineering?,"""Do electronic resources (digital libraries and databases) provide all the functionalies that support the identification, selection, and retrieval of bibliographic and full-text information about SE research?""",0.1722
5284,How can empirical research in Requirements Engineering contribute to theory building?,How often are those who conduct the studies also the authors of the papers?,0.1720
5285,How can empirical methods be used to evaluate the impact of new Requirements Engineering techniques?,How has the use of language (academic vs. plain) in scientific publications evolved over time?,0.1720
5286,What are the critical success factors for industry-academia research collaborations in Requirements Engineering?,How has the reporting of the setting evolved over time?,0.1715
5287,How can the effectiveness of empirical methods in Requirements Engineering be assessed?,Which digital libraries with publications from SE and RE and related disciplines do authors use for (systematic literature) reviews?,0.1713
5288,How can the reproducibility of empirical studies in Requirements Engineering be ensured?,Do the authors exlain WHEN their apporach is better than others in a selected context with specific characteristics?,0.1713
5289,What is the role of empirical methods in advancing the state-of-the-art in Requirements Engineering?,How do the authors justify preventing bias in the study results?,0.1713
5290,What are the methods for conducting effective surveys in Requirements Engineering research?,Do the authors exlain WHEN their apporach is better than others in a selected context with specific characteristics?,0.1712
5291,What are the key challenges in synthesizing qualitative and quantitative data in Requirements Engineering research?,How has the use of language (academic vs. plain) in scientific publications evolved over time?,0.1712
5292,What are the critical success factors for industry-academia research collaborations in Requirements Engineering?,"""On which levels of sophistication are the theories from SE and RE? (level 1, level 2, or level 3 defined in Sjøberg et al. [1])""",0.1711
5293,How can empirical research in Requirements Engineering address the challenge of generalizability?,How has the use of language (academic vs. plain) in scientific publications evolved over time?,0.1711
5294,What is the role of empirical methods in advancing the state-of-the-art in Requirements Engineering?,"""What is the proportion of theories from other disciplines, from other disciplines with adaptions for the SE and RE, and from SE and RE itself?""",0.1710
5295,What are the best practices for conducting systematic reviews in empirical Requirements Engineering research?,"""What is the proportion of theories from other disciplines, from other disciplines with adaptions for the SE and RE, and from SE and RE itself?""",0.1710
5296,What are the methods for assessing the impact of empirical studies in Requirements Engineering on industry practices?,How has the use of language (academic vs. plain) in scientific publications evolved over time?,0.1709
5297,What are the methods for evaluating the reliability of empirical data in Requirements Engineering research?,"""Do electronic resources (digital libraries and databases) provide all the functionalies that support the identification, selection, and retrieval of bibliographic and full-text information about SE research?""",0.1708
5298,"How can empirical methods in Requirements Engineering be adapted to address complex, real-world problems?","""How has building on previous research data and results, including from other disciplines, evolved over time?""",0.1707
5299,How can empirical research in Requirements Engineering address the challenge of generalizability?,How many theories from the SE and RE are there?,0.1705
5300,How can empirical studies support the validation and refinement of Requirements Engineering theories?,Do the authors use other channels to publish their results for making them available to industrial users?,0.1705
5301,How can empirical findings in Requirements Engineering be validated through multiple studies and contexts?,How has the use of language (academic vs. plain) in scientific publications evolved over time?,0.1703
5302,What are the critical success factors for industry-academia research collaborations in Requirements Engineering?,How has the proportion of pure demonstrations (proof of concept) and simple experience reports (lessons learned) evolved over time?,0.1703
5303,How can the threats to internal and external validity be mitigated in empirical studies of Requirements Engineering?,How has the incorporation of theories in studies evolved over time?,0.1701
5304,What are the implications of heterogeneous interventions in empirical studies of Requirements Engineering?,How often are which statistical methods used?,0.1701
5305,How can the threats to internal and external validity be mitigated in empirical studies of Requirements Engineering?,How has the proportion of pure demonstrations (proof of concept) and simple experience reports (lessons learned) evolved over time?,0.1701
5306,What are the key challenges in synthesizing qualitative and quantitative data in Requirements Engineering research?,Do the authors exlain WHY their apporach is better than others in a selected context with specific characteristics?,0.1701
5307,How can the effectiveness of empirical methods in Requirements Engineering be assessed?,How many theories from the SE and RE are there?,0.1701
5308,"How can empirical methods in Requirements Engineering be adapted to address complex, real-world problems?",How has the reporting of the subjects evolved over time?,0.1700
5309,How can empirical methods be used to evaluate software requirements specifications?,How has the reporting of the setting evolved over time?,0.1700
5310,What are the standards for documenting and sharing empirical research data in Requirements Engineering?,How has the the reporting of the population evolved over time?,0.1700
5311,"How can empirical methods in Requirements Engineering be adapted to address complex, real-world problems?",What is the proportion of each of the three levels of sophistication for theories from SE and RE?,0.1699
5312,What are the critical success factors for industry-academia research collaborations in Requirements Engineering?,How has the use of power analysis and effect size estimation evolved over time?,0.1697
5313,What are the implications of heterogeneous interventions in empirical studies of Requirements Engineering?,Which digital libraries with publications from SE and RE and related disciplines do authors use for (systematic literature) reviews?,0.1696
5314,How can the threats to internal and external validity be mitigated in empirical studies of Requirements Engineering?,How has the use of statistical methods evolved over time?,0.1696
5315,What are the key variables studied in empirical Requirements Engineering research?,Do the authors use other channels to publish their results for making them available to industrial users?,0.1695
5316,What are the key variables studied in empirical Requirements Engineering research?,How often are those who conduct the studies also the authors of the papers?,0.1694
5317,How do empirical studies in Requirements Engineering integrate quantitative and qualitative approaches?,How often are those who conduct the studies also the authors of the papers?,0.1694
5318,What are the key challenges in synthesizing qualitative and quantitative data in Requirements Engineering research?,"""What is the proportion of theories from other disciplines, from other disciplines with adaptions for the SE and RE, and from SE and RE itself?""",0.1694
5319,What are the common themes in the empirical literature on Requirements Engineering?,Do the authors use multiple digital libraries including publications from SE and RE and related disciplines for (systematic literature) reviews?,0.1693
5320,What are the lessons learned from past empirical studies in Requirements Engineering?,"""What is the proportion of theories from other disciplines, from other disciplines with adaptions for the SE and RE, and from SE and RE itself?""",0.1692
5321,What are the key challenges in synthesizing qualitative and quantitative data in Requirements Engineering research?,Do the authors use multiple digital libraries including publications from SE and RE and related disciplines for (systematic literature) reviews?,0.1692
5322,What are the methods for triangulating data in empirical Requirements Engineering studies?,How has the the reporting of the population evolved over time?,0.1691
5323,What methods are used to ensure the reliability and validity of empirical data in Requirements Engineering research?,"""On which levels of sophistication are the theories from SE and RE? (level 1, level 2, or level 3 defined in Sjøberg et al. [1])""",0.1691
5324,What are the considerations for designing controlled experiments in Requirements Engineering?,How many publications are analyzed in (systematic literature) reviews?,0.1690
5325,How can empirical research in Requirements Engineering contribute to theory building?,What types of threats to validity do the authors report?,0.1688
5326,How can empirical research contribute to the development of standardized practices in Requirements Engineering?,How often are those who conduct the studies also the authors of the papers?,0.1687
5327,How can industry feedback be systematically incorporated into empirical Requirements Engineering research?,Do the authors exlain WHEN their apporach is better than others in a selected context with specific characteristics?,0.1686
5328,"In what ways can empirical research methods be integrated into software engineering education, specifically for Requirements Engineering?","""How has the proportion of theories from other disciplines, from other disciplines with adaptions for the SE (RE), and from SE (RE) itself evolved over time?""",0.1686
5329,What are the considerations for designing controlled experiments in Requirements Engineering?,How has the use of statistical methods evolved over time?,0.1683
5330,How can the effectiveness of empirical methods in Requirements Engineering be assessed?,Do the authors use other channels to publish their results for making them available to industrial users?,0.1682
5331,What are the implications of empirical research for Requirements Engineering education and training?,How has the use of power analysis and effect size estimation evolved over time?,0.1681
5332,What are the methods for conducting effective surveys in Requirements Engineering research?,How many theories from the SE and RE are there?,0.1679
5333,What methods are used to ensure the reliability and validity of empirical data in Requirements Engineering research?,How has the use of language (academic vs. plain) in scientific publications evolved over time?,0.1679
5334,What are the ethical considerations in conducting empirical research in Requirements Engineering?,How many theories from the SE and RE are there?,0.1678
5335,What are the implications of empirical research for Requirements Engineering education and training?,"""Do electronic resources (digital libraries and databases) provide all the functionalies that support the identification, selection, and retrieval of bibliographic and full-text information about SE research?""",0.1677
5336,How can empirical methods be used to study the effectiveness of Requirements Management practices?,How has the incorporation of theories in studies evolved over time?,0.1676
5337,What are the methods for evaluating the reliability of empirical data in Requirements Engineering research?,How has the number of theories from SE and RE evolved over time?,0.1676
5338,How can empirical methods be used to evaluate the impact of new Requirements Engineering techniques?,Do the authors use other channels to publish their results for making them available to industrial users?,0.1675
5339,How can the constructs and variables used in empirical Requirements Engineering research be defined and operationalized?,What types of threats to validity do the authors report?,0.1674
5340,What are the key variables studied in empirical Requirements Engineering research?,How has the number of theories from SE and RE evolved over time?,0.1673
5341,How can the constructs and variables used in empirical Requirements Engineering research be defined and operationalized?,Do the authors use multiple digital libraries including publications from SE and RE and related disciplines for (systematic literature) reviews?,0.1673
5342,What are the considerations for designing controlled experiments in Requirements Engineering?,Do the authors use (a common set of empirically derived) criteria to characterize the quality of secondary research and thus the overall strength of a body of evidence?,0.1673
5343,What is the role of empirical methods in advancing the state-of-the-art in Requirements Engineering?,"""Do electronic resources (digital libraries and databases) provide all the functionalies that support the identification, selection, and retrieval of bibliographic and full-text information about SE research?""",0.1673
5344,What are the key challenges in synthesizing qualitative and quantitative data in Requirements Engineering research?,"""Do electronic resources (digital libraries and databases) provide all the functionalies that support the identification, selection, and retrieval of bibliographic and full-text information about SE research?""",0.1673
5345,What are the future directions for empirical research in Requirements Engineering?,What types of threats to validity do the authors report?,0.1672
5346,What are the common themes in the empirical literature on Requirements Engineering?,Do authors report that assumptions and limitations of statistical methods are met before using them?,0.1672
5347,What are the critical success factors for industry-academia research collaborations in Requirements Engineering?,Do authors report that assumptions and limitations of statistical methods are met before using them?,0.1671
5348,How can the use of empirical methods in Requirements Engineering research be improved?,"""Do electronic resources (digital libraries and databases) provide all the functionalies that support the identification, selection, and retrieval of bibliographic and full-text information about SE research?""",0.1670
5349,What methods are used to ensure the reliability and validity of empirical data in Requirements Engineering research?,How has the incorporation of theories in studies evolved over time?,0.1669
5350,What are the best practices for designing and conducting action research in Requirements Engineering?,How has the reporting of threats to validity evolved over time?,0.1667
5351,What are the implications of empirical research for Requirements Engineering education and training?,Do the authors use other channels to publish their results for making them available to industrial users?,0.1666
5352,How can biases be minimized in empirical studies of Requirements Engineering?,Do the authors use other channels to publish their results for making them available to industrial users?,0.1665
5353,How can biases be minimized in empirical studies of Requirements Engineering?,How often are those who conduct the studies also the authors of the papers?,0.1665
5354,How can empirical studies in Requirements Engineering be made more rigorous and impactful?,How often are those who conduct the studies also the authors of the papers?,0.1665
5355,How can empirical research in Requirements Engineering benefit from interdisciplinary approaches?,How has the reporting of threats to validity evolved over time?,0.1664
5356,What are the methods for conducting effective surveys in Requirements Engineering research?,Do the authors exlain WHY their apporach is better than others in a selected context with specific characteristics?,0.1664
5357,"How can empirical methods in Requirements Engineering be adapted to address complex, real-world problems?",How has the incorporation of theories in studies evolved over time?,0.1664
5358,What are the major challenges in applying empirical methods to Requirements Engineering research?,"""On which levels of sophistication are the theories from SE and RE? (level 1, level 2, or level 3 defined in Sjøberg et al. [1])""",0.1663
5359,How can empirical research in Requirements Engineering be used to inform policy-making in software engineering?,How many theories from the SE and RE are there?,0.1663
5360,What are the implications of empirical research for Requirements Engineering education and training?,Do the authors use multiple digital libraries including publications from SE and RE and related disciplines for (systematic literature) reviews?,0.1662
5361,What are the best practices for conducting systematic reviews in empirical Requirements Engineering research?,How has the use of power analysis and effect size estimation evolved over time?,0.1661
5362,What are the implications of empirical research for the future of Requirements Engineering as a discipline?,"""On which levels of sophistication are the theories from SE and RE? (level 1, level 2, or level 3 defined in Sjøberg et al. [1])""",0.1660
5363,What are the best practices for reporting empirical research findings in Requirements Engineering?,Do the authors exlain HOW their apporach is better than others in a selected context with specific characteristics?,0.1660
5364,What are the common challenges encountered in conducting empirical case studies in Requirements Engineering?,How has the use of language (academic vs. plain) in scientific publications evolved over time?,0.1656
5365,What are the methods for ensuring the transparency and reproducibility of empirical research in Requirements Engineering?,"""What is the proportion of theories from other disciplines, from other disciplines with adaptions for the SE and RE, and from SE and RE itself?""",0.1655
5366,How can empirical research in Requirements Engineering contribute to improving software development processes?,How often are those who conduct the studies also the authors of the papers?,0.1655
5367,How can empirical findings in Requirements Engineering be translated into best practices?,How has the proportion of each of the three levels of sophistication for theories from SE and RE evolved over time?,0.1654
5368,What are the lessons learned from past empirical studies in Requirements Engineering?,How has the proportion of replications evolved over time?,0.1652
5369,What are the critical success factors for industry-academia research collaborations in Requirements Engineering?,How has the use of statistical methods evolved over time?,0.1652
5370,What are the considerations for designing controlled experiments in Requirements Engineering?,How has the use of theories for a diverse and reflective generalization of study results evolved over time?,0.1652
5371,What are the methods for conducting effective surveys in Requirements Engineering research?,How has the reporting of threats to validity evolved over time?,0.1652
5372,How can the constructs and variables used in empirical Requirements Engineering research be defined and operationalized?,"""How has the proportion of theories from other disciplines, from other disciplines with adaptions for the SE (RE), and from SE (RE) itself evolved over time?""",0.1651
5373,How can industry feedback be systematically incorporated into empirical Requirements Engineering research?,How often are which statistical methods used?,0.1651
5374,"How can empirical methods in Requirements Engineering be adapted to address complex, real-world problems?",How many theories from the SE and RE are there?,0.1650
5375,How can empirical research in Requirements Engineering be used to support continuous improvement in software processes?,Do the authors exlain HOW their apporach is better than others in a selected context with specific characteristics?,0.1649
5376,How can the constructs and variables used in empirical Requirements Engineering research be defined and operationalized?,How has the number of theories from SE and RE evolved over time?,0.1646
5377,What are the critical research gaps in the empirical study of Requirements Engineering?,Do the authors exlain WHEN their apporach is better than others in a selected context with specific characteristics?,0.1646
5378,What are the best practices for conducting systematic reviews in empirical Requirements Engineering research?,What is the proportion of each of the three levels of sophistication for theories from SE and RE?,0.1645
5379,What are the critical research gaps in the empirical study of Requirements Engineering?,Does the research design allow for efficient reuse of study (results) by other researchers?,0.1644
5380,How do empirical studies in Requirements Engineering integrate quantitative and qualitative approaches?,How do the authors justify preventing bias in the study results?,0.1643
5381,How do empirical studies in Requirements Engineering integrate quantitative and qualitative approaches?,"""How has the proportion of theories from other disciplines, from other disciplines with adaptions for the SE (RE), and from SE (RE) itself evolved over time?""",0.1640
5382,What are the guidelines for conducting high-quality empirical studies in Requirements Engineering?,How has the number of theories from SE and RE evolved over time?,0.1640
5383,What are the key variables studied in empirical Requirements Engineering research?,How has the incorporation of theories in studies evolved over time?,0.1640
5384,What are the critical success factors for industry-academia research collaborations in Requirements Engineering?,How do the authors justify preventing bias in the study results?,0.1638
5385,What are the implications of empirical research for Requirements Engineering education and training?,"""On which levels of sophistication are the theories from SE and RE? (level 1, level 2, or level 3 defined in Sjøberg et al. [1])""",0.1637
5386,How can empirical studies in Requirements Engineering be made more rigorous and impactful?,"""On which levels of sophistication are the theories from SE and RE? (level 1, level 2, or level 3 defined in Sjøberg et al. [1])""",0.1636
5387,How can empirical research in Requirements Engineering support the development of new tools and technologies?,What types of threats to validity do the authors report?,0.1636
5388,"How can empirical methods in Requirements Engineering be adapted to address complex, real-world problems?",Do the authors exlain WHEN their apporach is better than others in a selected context with specific characteristics?,0.1636
5389,What is the role of empirical methods in advancing the state-of-the-art in Requirements Engineering?,How often are those who conduct the studies also the authors of the papers?,0.1636
5390,What are the key challenges in synthesizing qualitative and quantitative data in Requirements Engineering research?,"""How has the proportion of theories from other disciplines, from other disciplines with adaptions for the SE (RE), and from SE (RE) itself evolved over time?""",0.1634
5391,What are the critical research gaps in the empirical study of Requirements Engineering?,How often are those who conduct the studies also the authors of the papers?,0.1634
5392,What are the methods for conducting effective surveys in Requirements Engineering research?,How has the proportion of each of the three levels of sophistication for theories from SE and RE evolved over time?,0.1632
5393,How can empirical methods be used to evaluate the impact of new Requirements Engineering techniques?,"""On which levels of sophistication are the theories from SE and RE? (level 1, level 2, or level 3 defined in Sjøberg et al. [1])""",0.1631
5394,What are the guidelines for conducting high-quality empirical studies in Requirements Engineering?,Do the authors use other channels to publish their results for making them available to industrial users?,0.1631
5395,What are the future directions for empirical research in Requirements Engineering?,"""How has the proportion of theories from other disciplines, from other disciplines with adaptions for the SE (RE), and from SE (RE) itself evolved over time?""",0.1630
5396,How can the constructs and variables used in empirical Requirements Engineering research be defined and operationalized?,How has the definition of the population evolved over time?,0.1629
5397,How can empirical research contribute to the development of standardized practices in Requirements Engineering?,Do the authors exlain WHEN their apporach is better than others in a selected context with specific characteristics?,0.1628
5398,What are the lessons learned from past empirical studies in Requirements Engineering?,"""Do electronic resources (digital libraries and databases) provide all the functionalies that support the identification, selection, and retrieval of bibliographic and full-text information about SE research?""",0.1628
5399,What are the standards for documenting and sharing empirical research data in Requirements Engineering?,How has the proportion of each of the three levels of sophistication for theories from SE and RE evolved over time?,0.1627
5400,Which empirical methods are recommended for synthesizing evidence in Requirements Engineering?,Do the authors use other channels to publish their results for making them available to industrial users?,0.1627
5401,What are the common challenges encountered in conducting empirical case studies in Requirements Engineering?,"""How has the proportion of theories from other disciplines, from other disciplines with adaptions for the SE (RE), and from SE (RE) itself evolved over time?""",0.1624
5402,How can the threats to internal and external validity be mitigated in empirical studies of Requirements Engineering?,Do the authors use other channels to publish their results for making them available to industrial users?,0.1624
5403,What criteria are used to evaluate the quality of empirical studies in Requirements Engineering?,How has the number of theories from SE and RE evolved over time?,0.1623
5404,What are the best practices for conducting systematic reviews in empirical Requirements Engineering research?,Do the authors exlain WHY their apporach is better than others in a selected context with specific characteristics?,0.1623
5405,What are the methods for evaluating the reliability of empirical data in Requirements Engineering research?,Do the authors use other channels to publish their results for making them available to industrial users?,0.1621
5406,How can empirical research in Requirements Engineering be used to inform policy-making in software engineering?,How has the proportion of each of the three levels of sophistication for theories from SE and RE evolved over time?,0.1621
5407,How can empirical findings in Requirements Engineering be translated into best practices?,"""What is the proportion of theories from other disciplines, from other disciplines with adaptions for the SE and RE, and from SE and RE itself?""",0.1621
5408,What are the methods for ensuring the transparency and reproducibility of empirical research in Requirements Engineering?,"""How has the proportion of theories from other disciplines, from other disciplines with adaptions for the SE (RE), and from SE (RE) itself evolved over time?""",0.1618
5409,What are the best practices for designing and conducting action research in Requirements Engineering?,How has the proportion of empirical studies evolved over time?,0.1616
5410,How can the scope of empirical studies in Requirements Engineering be systematically defined and reported?,Do the authors exlain WHEN their apporach is better than others in a selected context with specific characteristics?,0.1614
5411,How can the external validity of empirical studies in Requirements Engineering be enhanced?,How has the use of language (academic vs. plain) in scientific publications evolved over time?,0.1613
5412,What are the future directions for empirical research in Requirements Engineering?,How do the authors justify preventing bias in the study results?,0.1612
5413,How can empirical research in Requirements Engineering be used to inform policy-making in software engineering?,How has the use of language (academic vs. plain) in scientific publications evolved over time?,0.1610
5414,How can the threats to internal and external validity be mitigated in empirical studies of Requirements Engineering?,How has the number of theories from SE and RE evolved over time?,0.1609
5415,What mechanisms exist to facilitate industry-academia collaboration in empirical Requirements Engineering research?,Do authors report that assumptions and limitations of statistical methods are met before using them?,0.1609
5416,How can the constructs and variables used in empirical Requirements Engineering research be defined and operationalized?,"""What is the proportion of theories from other disciplines, from other disciplines with adaptions for the SE and RE, and from SE and RE itself?""",0.1609
5417,How can empirical methods be used to evaluate software requirements specifications?,How many theories from the SE and RE are there?,0.1608
5418,What methods are used to ensure the reliability and validity of empirical data in Requirements Engineering research?,"""How has the proportion of theories from other disciplines, from other disciplines with adaptions for the SE (RE), and from SE (RE) itself evolved over time?""",0.1606
5419,How can empirical research in Requirements Engineering benefit from interdisciplinary approaches?,What types of threats to validity do the authors report?,0.1606
5420,What mechanisms exist to facilitate industry-academia collaboration in empirical Requirements Engineering research?,What types of threats to validity do the authors report?,0.1606
5421,How can empirical research in Requirements Engineering be used to support continuous improvement in software processes?,How has the number of theories from SE and RE evolved over time?,0.1604
5422,What mechanisms exist to facilitate industry-academia collaboration in empirical Requirements Engineering research?,"""On which levels of sophistication are the theories from SE and RE? (level 1, level 2, or level 3 defined in Sjøberg et al. [1])""",0.1604
5423,How can empirical research in Requirements Engineering support the development of new tools and technologies?,"""On which levels of sophistication are the theories from SE and RE? (level 1, level 2, or level 3 defined in Sjøberg et al. [1])""",0.1601
5424,How can empirical studies in Requirements Engineering better address the needs of diverse stakeholders?,"""Do electronic resources (digital libraries and databases) provide all the functionalies that support the identification, selection, and retrieval of bibliographic and full-text information about SE research?""",0.1601
5425,What are the criteria for selecting appropriate empirical methods for specific research questions in Requirements Engineering?,Do the authors use other channels to publish their results for making them available to industrial users?,0.1600
5426,How can empirical research in Requirements Engineering support the development of new tools and technologies?,How often are those who conduct the studies also the authors of the papers?,0.1600
5427,How can empirical research in Requirements Engineering contribute to theory building?,Do the authors use other channels to publish their results for making them available to industrial users?,0.1599
5428,How can biases be minimized in empirical studies of Requirements Engineering?,Do the authors refer to a reference (website or systematic review) that systematizes and characterizes the theory incorporated?,0.1599
5429,How can the use of empirical methods in Requirements Engineering research be improved?,How often are those who conduct the studies also the authors of the papers?,0.1598
5430,What are the critical success factors for industry-academia research collaborations in Requirements Engineering?,Do the authors exlain HOW their apporach is better than others in a selected context with specific characteristics?,0.1596
5431,How can empirical research in Requirements Engineering be used to inform policy-making in software engineering?,Do the authors exlain WHY their apporach is better than others in a selected context with specific characteristics?,0.1595
5432,How can empirical methods be used to evaluate software requirements specifications?,How many studies incorporate theories?,0.1594
5433,What are the methods for assessing the impact of empirical studies in Requirements Engineering on industry practices?,How has the the reporting of the population evolved over time?,0.1594
5434,What are the best practices for conducting systematic reviews in empirical Requirements Engineering research?,How has the use of language (academic vs. plain) in scientific publications evolved over time?,0.1592
5435,What are the guidelines for conducting high-quality empirical studies in Requirements Engineering?,How has the use of language (academic vs. plain) in scientific publications evolved over time?,0.1591
5436,How can the constructs and variables used in empirical Requirements Engineering research be defined and operationalized?,Have the authors done a systematic review of related work?,0.1590
5437,What are the standards for documenting and sharing empirical research data in Requirements Engineering?,Do the authors exlain HOW their apporach is better than others in a selected context with specific characteristics?,0.1589
5438,What are the common challenges encountered in conducting empirical case studies in Requirements Engineering?,How has the proportion of each of the three levels of sophistication for theories from SE and RE evolved over time?,0.1587
5439,How can empirical research in Requirements Engineering address the challenge of generalizability?,"""What is the proportion of theories from other disciplines, from other disciplines with adaptions for the SE and RE, and from SE and RE itself?""",0.1586
5440,What are the methods for evaluating the reliability of empirical data in Requirements Engineering research?,How many theories from the SE and RE are there?,0.1586
5441,How can empirical research in Requirements Engineering address the needs of global software development teams?,What is the proportion of each of the three levels of sophistication for theories from SE and RE?,0.1584
5442,How can empirical research in Requirements Engineering address the needs of global software development teams?,How has the proportion of each of the three levels of sophistication for theories from SE and RE evolved over time?,0.1584
5443,What are the best practices for conducting systematic reviews in empirical Requirements Engineering research?,How has the proportion of each of the three levels of sophistication for theories from SE and RE evolved over time?,0.1583
5444,What are the implications of empirical research for the future of Requirements Engineering as a discipline?,Do the authors exlain HOW their apporach is better than others in a selected context with specific characteristics?,0.1582
5445,How can empirical research in Requirements Engineering contribute to improving software development processes?,How has the use of language (academic vs. plain) in scientific publications evolved over time?,0.1582
5446,What are the key challenges in synthesizing qualitative and quantitative data in Requirements Engineering research?,How has the the reporting of the population evolved over time?,0.1582
5447,How can industry feedback be systematically incorporated into empirical Requirements Engineering research?,How has the incorporation of theories in studies evolved over time?,0.1582
5448,How can the effectiveness of empirical methods in Requirements Engineering be assessed?,"""What is the proportion of theories from other disciplines, from other disciplines with adaptions for the SE and RE, and from SE and RE itself?""",0.1581
5449,What are the major challenges in applying empirical methods to Requirements Engineering research?,"""Do electronic resources (digital libraries and databases) provide all the functionalies that support the identification, selection, and retrieval of bibliographic and full-text information about SE research?""",0.1580
5450,How can biases be minimized in empirical studies of Requirements Engineering?,How has the use of language (academic vs. plain) in scientific publications evolved over time?,0.1579
5451,How can empirical evidence in Requirements Engineering inform decision-making processes in software engineering?,How has the the reporting of the population evolved over time?,0.1579
5452,How can empirical research in Requirements Engineering contribute to improving software development processes?,"""What is the proportion of theories from other disciplines, from other disciplines with adaptions for the SE and RE, and from SE and RE itself?""",0.1579
5453,"How can empirical methods in Requirements Engineering be adapted to address complex, real-world problems?",How has the reporting of threats to validity evolved over time?,0.1577
5454,"How can empirical methods in Requirements Engineering be adapted to address complex, real-world problems?",Does the research design allow for efficient reuse of study (results) by other researchers?,0.1576
5455,What are the common challenges encountered in conducting empirical case studies in Requirements Engineering?,How has the number of theories from SE and RE evolved over time?,0.1576
5456,How can empirical research in Requirements Engineering address the needs of global software development teams?,Do authors report that assumptions and limitations of statistical methods are met before using them?,0.1575
5457,How can empirical research in Requirements Engineering benefit from interdisciplinary approaches?,"""On which levels of sophistication are the theories from SE and RE? (level 1, level 2, or level 3 defined in Sjøberg et al. [1])""",0.1574
5458,How can empirical research in Requirements Engineering address the needs of global software development teams?,Do the authors exlain HOW their apporach is better than others in a selected context with specific characteristics?,0.1574
5459,What are the critical success factors for industry-academia research collaborations in Requirements Engineering?,How has the reporting of threats to validity evolved over time?,0.1573
5460,How can empirical research in Requirements Engineering be used to inform policy-making in software engineering?,How has the number of theories from SE and RE evolved over time?,0.1573
5461,What are the best practices for designing and conducting action research in Requirements Engineering?,Do the authors use other channels to publish their results for making them available to industrial users?,0.1572
5462,How can empirical methods be used to evaluate software requirements specifications?,How do the authors justify preventing bias in the study results?,0.1571
5463,How can empirical research support the development of more effective Requirements Elicitation techniques?,What types of threats to validity do the authors report?,0.1570
5464,What are the best practices for designing and conducting action research in Requirements Engineering?,What is the proportion of each of the three levels of sophistication for theories from SE and RE?,0.1570
5465,What are the methods for conducting effective surveys in Requirements Engineering research?,"""What is the proportion of theories from other disciplines, from other disciplines with adaptions for the SE and RE, and from SE and RE itself?""",0.1569
5466,What are the methods for ensuring the transparency and reproducibility of empirical research in Requirements Engineering?,Do the authors exlain HOW their apporach is better than others in a selected context with specific characteristics?,0.1564
5467,How can the relevance and impact of empirical studies in Requirements Engineering be increased?,How has the the reporting of the population evolved over time?,0.1562
5468,What are the criteria for selecting appropriate empirical methods for specific research questions in Requirements Engineering?,How has the reporting of the setting evolved over time?,0.1561
5469,What are the implications of heterogeneous interventions in empirical studies of Requirements Engineering?,How often are those who conduct the studies also the authors of the papers?,0.1560
5470,What are the best practices for conducting systematic reviews in empirical Requirements Engineering research?,"""How has the proportion of theories from other disciplines, from other disciplines with adaptions for the SE (RE), and from SE (RE) itself evolved over time?""",0.1560
5471,"How can empirical methods in Requirements Engineering be adapted to address complex, real-world problems?",How has the proportion of each of the three levels of sophistication for theories from SE and RE evolved over time?,0.1558
5472,What are the common themes in the empirical literature on Requirements Engineering?,Do the authors use other channels to publish their results for making them available to industrial users?,0.1558
5473,What are the methods for evaluating the reliability of empirical data in Requirements Engineering research?,How often are those who conduct the studies also the authors of the papers?,0.1557
5474,What are the methods for triangulating data in empirical Requirements Engineering studies?,"""Do electronic resources (digital libraries and databases) provide all the functionalies that support the identification, selection, and retrieval of bibliographic and full-text information about SE research?""",0.1557
5475,What are the critical research gaps in the empirical study of Requirements Engineering?,How has the use of power analysis and effect size estimation evolved over time?,0.1555
5476,How can empirical methods be used to study the effectiveness of Requirements Management practices?,Do the authors use other channels to publish their results for making them available to industrial users?,0.1555
5477,"In what ways can empirical research methods be integrated into software engineering education, specifically for Requirements Engineering?",How has the proportion of each of the three levels of sophistication for theories from SE and RE evolved over time?,0.1554
5478,What are the common challenges encountered in conducting empirical case studies in Requirements Engineering?,How has the use of power analysis and effect size estimation evolved over time?,0.1554
5479,What are the methods for triangulating data in empirical Requirements Engineering studies?,How do the authors justify preventing bias in the study results?,0.1553
5480,What are the best practices for designing and conducting action research in Requirements Engineering?,Do the authors exlain HOW their apporach is better than others in a selected context with specific characteristics?,0.1553
5481,How can biases be minimized in empirical studies of Requirements Engineering?,Do the authors use multiple digital libraries including publications from SE and RE and related disciplines for (systematic literature) reviews?,0.1553
5482,How do empirical studies in Requirements Engineering integrate quantitative and qualitative approaches?,How has the use of language (academic vs. plain) in scientific publications evolved over time?,0.1545
5483,How can empirical research in Requirements Engineering contribute to theory building?,Do the authors exlain WHEN their apporach is better than others in a selected context with specific characteristics?,0.1545
5484,How can empirical findings in Requirements Engineering be translated into best practices?,How has the number of theories from SE and RE evolved over time?,0.1544
5485,How can empirical research in Requirements Engineering be used to support continuous improvement in software processes?,How has the incorporation of theories in studies evolved over time?,0.1542
5486,What are the methods for evaluating the reliability of empirical data in Requirements Engineering research?,"""On which levels of sophistication are the theories from SE and RE? (level 1, level 2, or level 3 defined in Sjøberg et al. [1])""",0.1540
5487,What are the common themes in the empirical literature on Requirements Engineering?,How has the use of power analysis and effect size estimation evolved over time?,0.1540
5488,How can the constructs and variables used in empirical Requirements Engineering research be defined and operationalized?,Do the authors use other channels to publish their results for making them available to industrial users?,0.1540
5489,What are the methods for triangulating data in empirical Requirements Engineering studies?,"""On which levels of sophistication are the theories from SE and RE? (level 1, level 2, or level 3 defined in Sjøberg et al. [1])""",0.1537
5490,What are the critical research gaps in the empirical study of Requirements Engineering?,How often are which statistical methods used?,0.1535
5491,What are the best practices for reporting empirical research findings in Requirements Engineering?,"""On which levels of sophistication are the theories from SE and RE? (level 1, level 2, or level 3 defined in Sjøberg et al. [1])""",0.1535
5492,What are the key success factors for empirical studies in Requirements Engineering?,How has the the reporting of the population evolved over time?,0.1534
5493,How can empirical studies in Requirements Engineering be made more rigorous and impactful?,How has the the reporting of the population evolved over time?,0.1534
5494,"How can empirical methods in Requirements Engineering be adapted to address complex, real-world problems?","""How up-to-date (and relevant) are reported (systematic) reviews, so-called secondary research?""",0.1533
5495,How can empirical research in Requirements Engineering contribute to improving software development processes?,How has the the reporting of the population evolved over time?,0.1533
5496,What are the methods for triangulating data in empirical Requirements Engineering studies?,How often are those who conduct the studies also the authors of the papers?,0.1529
5497,How can empirical evidence in Requirements Engineering inform decision-making processes in software engineering?,"""Do electronic resources (digital libraries and databases) provide all the functionalies that support the identification, selection, and retrieval of bibliographic and full-text information about SE research?""",0.1528
5498,How can empirical research in Requirements Engineering address the needs of global software development teams?,Do the authors exlain WHY their apporach is better than others in a selected context with specific characteristics?,0.1524
5499,How do empirical studies in Requirements Engineering integrate quantitative and qualitative approaches?,How many theories from the SE and RE are there?,0.1523
5500,How can empirical methods guide the development of new SE technology in Requirements Engineering?,How has the the reporting of the population evolved over time?,0.1521
5501,What are the critical success factors for industry-academia research collaborations in Requirements Engineering?,Do the authors exlain WHY their apporach is better than others in a selected context with specific characteristics?,0.1518
5502,"How can empirical methods in Requirements Engineering be adapted to address complex, real-world problems?",How has the use of power analysis and effect size estimation evolved over time?,0.1517
5503,How can empirical methods be used to study the effectiveness of Requirements Management practices?,What is the proportion of each of the three levels of sophistication for theories from SE and RE?,0.1516
5504,How can the threats to internal and external validity be mitigated in empirical studies of Requirements Engineering?,Do the authors refer to a reference (website or systematic review) that systematizes and characterizes the theory incorporated?,0.1516
5505,What are the considerations for designing controlled experiments in Requirements Engineering?,How has the proportion of papers that do not have an empirical study evolved over time?,0.1516
5506,How can empirical research in Requirements Engineering contribute to improving software development processes?,What types of threats to validity do the authors report?,0.1513
5507,What criteria are used to evaluate the quality of empirical studies in Requirements Engineering?,"""How has the proportion of theories from other disciplines, from other disciplines with adaptions for the SE (RE), and from SE (RE) itself evolved over time?""",0.1510
5508,What are the critical research gaps in the empirical study of Requirements Engineering?,How has the use of language (academic vs. plain) in scientific publications evolved over time?,0.1510
5509,How can empirical methods be used to evaluate software requirements specifications?,How has the reporting of the subjects evolved over time?,0.1509
5510,What are the implications of empirical research for Requirements Engineering education and training?,Do the authors exlain WHEN their apporach is better than others in a selected context with specific characteristics?,0.1509
5511,What are the implications of empirical research for the future of Requirements Engineering as a discipline?,Do the authors exlain WHY their apporach is better than others in a selected context with specific characteristics?,0.1508
5512,What are the best practices for designing and conducting action research in Requirements Engineering?,How has the proportion of papers that do not have an empirical study evolved over time?,0.1508
5513,How can empirical research in Requirements Engineering be used to inform policy-making in software engineering?,What types of threats to validity do the authors report?,0.1508
5514,How can empirical research in Requirements Engineering be used to support continuous improvement in software processes?,How has the use of power analysis and effect size estimation evolved over time?,0.1507
5515,Which empirical methods are recommended for synthesizing evidence in Requirements Engineering?,"""Do electronic resources (digital libraries and databases) provide all the functionalies that support the identification, selection, and retrieval of bibliographic and full-text information about SE research?""",0.1505
5516,What are the implications of heterogeneous interventions in empirical studies of Requirements Engineering?,How has the number of theories from SE and RE evolved over time?,0.1502
5517,What are the future directions for empirical research in Requirements Engineering?,How has the use of power analysis and effect size estimation evolved over time?,0.1502
5518,What are the methods for evaluating the reliability of empirical data in Requirements Engineering research?,How has the use of language (academic vs. plain) in scientific publications evolved over time?,0.1498
5519,What are the future directions for empirical research in Requirements Engineering?,Do the authors exlain WHY their apporach is better than others in a selected context with specific characteristics?,0.1496
5520,How can empirical research in Requirements Engineering be used to support continuous improvement in software processes?,How many studies incorporate theories?,0.1496
5521,How can empirical research in Requirements Engineering be used to inform policy-making in software engineering?,"""What is the proportion of theories from other disciplines, from other disciplines with adaptions for the SE and RE, and from SE and RE itself?""",0.1495
5522,How can empirical research in Requirements Engineering contribute to improving software development processes?,Do the authors use other channels to publish their results for making them available to industrial users?,0.1495
5523,What are the standards for documenting and sharing empirical research data in Requirements Engineering?,"""How has the proportion of theories from other disciplines, from other disciplines with adaptions for the SE (RE), and from SE (RE) itself evolved over time?""",0.1494
5524,How can empirical methods be used to evaluate the impact of new Requirements Engineering techniques?,How has the the reporting of the population evolved over time?,0.1492
5525,How has the use of empirical methods in Requirements Engineering evolved over time?,What types of threats to validity do the authors report?,0.1492
5526,What are the critical success factors for industry-academia research collaborations in Requirements Engineering?,How often are which empirical methods used over time?,0.1492
5527,How can empirical research in Requirements Engineering support the development of new tools and technologies?,How has the the reporting of the population evolved over time?,0.1491
5528,"How can empirical methods in Requirements Engineering be adapted to address complex, real-world problems?","""Do the authors refer to and consistently use a basic terminology, descriptors, and keywords to identify and select primary studies for (systematic literature) reviews?""",0.1490
5529,How can the constructs and variables used in empirical Requirements Engineering research be defined and operationalized?,How many theories from the SE and RE are there?,0.1489
5530,What are the methods for triangulating data in empirical Requirements Engineering studies?,How many theories from the SE and RE are there?,0.1489
5531,What are the common challenges encountered in conducting empirical case studies in Requirements Engineering?,Do the authors use other channels to publish their results for making them available to industrial users?,0.1488
5532,What are the methods for conducting effective surveys in Requirements Engineering research?,How has the the reporting of the population evolved over time?,0.1487
5533,What are the best practices for reporting empirical research findings in Requirements Engineering?,Do the authors exlain WHEN their apporach is better than others in a selected context with specific characteristics?,0.1487
5534,How can empirical research in Requirements Engineering be used to support continuous improvement in software processes?,Do the authors exlain WHY their apporach is better than others in a selected context with specific characteristics?,0.1487
5535,What are the critical success factors for industry-academia research collaborations in Requirements Engineering?,How has the reporting of the context evolved over time?,0.1486
5536,How can the effectiveness of empirical methods in Requirements Engineering be assessed?,How has the incorporation of theories in studies evolved over time?,0.1484
5537,What criteria are used to evaluate the quality of empirical studies in Requirements Engineering?,Do the authors use other channels to publish their results for making them available to industrial users?,0.1484
5538,How can the effectiveness of empirical methods in Requirements Engineering be assessed?,How has the use of language (academic vs. plain) in scientific publications evolved over time?,0.1483
5539,What are the best practices for designing and conducting action research in Requirements Engineering?,"""On which levels of sophistication are the theories from SE and RE? (level 1, level 2, or level 3 defined in Sjøberg et al. [1])""",0.1482
5540,What are the methods for evaluating the reliability of empirical data in Requirements Engineering research?,"""What is the proportion of theories from other disciplines, from other disciplines with adaptions for the SE and RE, and from SE and RE itself?""",0.1481
5541,How can empirical research in Requirements Engineering address the needs of global software development teams?,"""What is the proportion of theories from other disciplines, from other disciplines with adaptions for the SE and RE, and from SE and RE itself?""",0.1474
5542,How can empirical studies in Requirements Engineering be made more rigorous and impactful?,Do the authors use other channels to publish their results for making them available to industrial users?,0.1471
5543,What are the common challenges encountered in conducting empirical case studies in Requirements Engineering?,"""On which levels of sophistication are the theories from SE and RE? (level 1, level 2, or level 3 defined in Sjøberg et al. [1])""",0.1469
5544,"In what ways can empirical research methods be integrated into software engineering education, specifically for Requirements Engineering?",How has the reporting of the setting evolved over time?,0.1466
5545,What mechanisms exist to facilitate industry-academia collaboration in empirical Requirements Engineering research?,Do the authors exlain HOW their apporach is better than others in a selected context with specific characteristics?,0.1466
5546,How can empirical research in Requirements Engineering contribute to improving software development processes?,"""On which levels of sophistication are the theories from SE and RE? (level 1, level 2, or level 3 defined in Sjøberg et al. [1])""",0.1466
5547,How can the constructs and variables used in empirical Requirements Engineering research be defined and operationalized?,Do the authors exlain WHEN their apporach is better than others in a selected context with specific characteristics?,0.1464
5548,How can the constructs and variables used in empirical Requirements Engineering research be defined and operationalized?,Which digital libraries with publications from SE and RE and related disciplines do authors use for (systematic literature) reviews?,0.1462
5549,What are the considerations for designing controlled experiments in Requirements Engineering?,"""How up-to-date (and relevant) are reported (systematic) reviews, so-called secondary research?""",0.1461
5550,How can empirical research in Requirements Engineering contribute to improving software development processes?,How has the proportion of replications evolved over time?,0.1460
5551,How can empirical research in Requirements Engineering be used to support continuous improvement in software processes?,How do the authors justify preventing bias in the study results?,0.1460
5552,How can empirical methods guide the development of new SE technology in Requirements Engineering?,Do the authors exlain WHY their apporach is better than others in a selected context with specific characteristics?,0.1456
5553,What are the common themes in the empirical literature on Requirements Engineering?,Does the research design allow for efficient reuse of study (results) by other researchers?,0.1455
5554,What are the ethical considerations in conducting empirical research in Requirements Engineering?,"""Do electronic resources (digital libraries and databases) provide all the functionalies that support the identification, selection, and retrieval of bibliographic and full-text information about SE research?""",0.1454
5555,How can empirical evidence in Requirements Engineering inform decision-making processes in software engineering?,Which digital libraries with publications from SE and RE and related disciplines do authors use for (systematic literature) reviews?,0.1452
5556,What are the trends in the methodological approaches used in empirical Requirements Engineering research?,How has the the reporting of the population evolved over time?,0.1451
5557,How can the use of empirical methods in Requirements Engineering research be improved?,How has the the reporting of the population evolved over time?,0.1451
5558,How can empirical studies in Requirements Engineering better address the needs of diverse stakeholders?,"""On which levels of sophistication are the theories from SE and RE? (level 1, level 2, or level 3 defined in Sjøberg et al. [1])""",0.1449
5559,How can the threats to internal and external validity be mitigated in empirical studies of Requirements Engineering?,Which digital libraries with publications from SE and RE and related disciplines do authors use for (systematic literature) reviews?,0.1449
5560,How can empirical studies in Requirements Engineering better address the needs of diverse stakeholders?,How has the the reporting of the population evolved over time?,0.1449
5561,"How can empirical methods in Requirements Engineering be adapted to address complex, real-world problems?","""On which levels of sophistication are the theories from SE and RE? (level 1, level 2, or level 3 defined in Sjøberg et al. [1])""",0.1447
5562,How can empirical methods be used to study the effectiveness of Requirements Management practices?,How has the proportion of each of the three levels of sophistication for theories from SE and RE evolved over time?,0.1445
5563,"In what ways can empirical research methods be integrated into software engineering education, specifically for Requirements Engineering?",Do the authors exlain WHY their apporach is better than others in a selected context with specific characteristics?,0.1444
5564,How can empirical findings in Requirements Engineering be translated into best practices?,"""Do electronic resources (digital libraries and databases) provide all the functionalies that support the identification, selection, and retrieval of bibliographic and full-text information about SE research?""",0.1444
5565,What are the ethical considerations in conducting empirical research in Requirements Engineering?,"""What is the proportion of theories from other disciplines, from other disciplines with adaptions for the SE and RE, and from SE and RE itself?""",0.1444
5566,How can empirical methods guide the development of new SE technology in Requirements Engineering?,What types of threats to validity do the authors report?,0.1443
5567,What are the best practices for reporting empirical research findings in Requirements Engineering?,"""What is the proportion of theories from other disciplines, from other disciplines with adaptions for the SE and RE, and from SE and RE itself?""",0.1443
5568,What are the critical success factors for industry-academia research collaborations in Requirements Engineering?,Which methods are used to synthesize evidence from data of different empirical methods?,0.1437
5569,What are the best practices for designing and conducting action research in Requirements Engineering?,How do the authors justify preventing bias in the study results?,0.1436
5570,How can empirical research in Requirements Engineering support the development of industry-relevant guidelines and checklists?,How often are those who conduct the studies also the authors of the papers?,0.1436
5571,How can the scope of empirical studies in Requirements Engineering be systematically defined and reported?,How has the the reporting of the population evolved over time?,0.1434
5572,What are the critical success factors for industry-academia research collaborations in Requirements Engineering?,How has the proportion of replications evolved over time?,0.1432
5573,How can empirical evidence in Requirements Engineering inform decision-making processes in software engineering?,"""How has the proportion of theories from other disciplines, from other disciplines with adaptions for the SE (RE), and from SE (RE) itself evolved over time?""",0.1432
5574,What are the methods for conducting effective surveys in Requirements Engineering research?,How has the number of theories from SE and RE evolved over time?,0.1431
5575,How can empirical research in Requirements Engineering be used to support continuous improvement in software processes?,Do the authors use other channels to publish their results for making them available to industrial users?,0.1429
5576,How can empirical methods be used to evaluate software requirements specifications?,"""How has building on previous research data and results, including from other disciplines, evolved over time?""",0.1428
5577,How can empirical research in Requirements Engineering be used to inform policy-making in software engineering?,Do the authors exlain WHEN their apporach is better than others in a selected context with specific characteristics?,0.1427
5578,What are the critical research gaps in the empirical study of Requirements Engineering?,Do the authors use other channels to publish their results for making them available to industrial users?,0.1424
5579,How can empirical findings in Requirements Engineering be translated into best practices?,How often are those who conduct the studies also the authors of the papers?,0.1418
5580,How can empirical studies in Requirements Engineering better address the needs of diverse stakeholders?,How has the use of language (academic vs. plain) in scientific publications evolved over time?,0.1417
5581,How can empirical research in Requirements Engineering contribute to improving software development processes?,"""Do electronic resources (digital libraries and databases) provide all the functionalies that support the identification, selection, and retrieval of bibliographic and full-text information about SE research?""",0.1414
5582,How can empirical research in Requirements Engineering address the needs of global software development teams?,"""How has the proportion of theories from other disciplines, from other disciplines with adaptions for the SE (RE), and from SE (RE) itself evolved over time?""",0.1413
5583,How can empirical research in Requirements Engineering address the challenge of generalizability?,Do the authors use other channels to publish their results for making them available to industrial users?,0.1412
5584,How can the effectiveness of empirical methods in Requirements Engineering be assessed?,"""How has the proportion of theories from other disciplines, from other disciplines with adaptions for the SE (RE), and from SE (RE) itself evolved over time?""",0.1410
5585,What are the implications of empirical research for the future of Requirements Engineering as a discipline?,How has the use of power analysis and effect size estimation evolved over time?,0.1406
5586,What are the methods for triangulating data in empirical Requirements Engineering studies?,Do the authors exlain WHY their apporach is better than others in a selected context with specific characteristics?,0.1403
5587,How can empirical research in Requirements Engineering support the development of industry-relevant guidelines and checklists?,How has the use of language (academic vs. plain) in scientific publications evolved over time?,0.1402
5588,What are the key success factors for empirical studies in Requirements Engineering?,How has the proportion of replications evolved over time?,0.1401
5589,What are the critical success factors for industry-academia research collaborations in Requirements Engineering?,How often are which empirical methods used?,0.1399
5590,What are the implications of heterogeneous interventions in empirical studies of Requirements Engineering?,"""On which levels of sophistication are the theories from SE and RE? (level 1, level 2, or level 3 defined in Sjøberg et al. [1])""",0.1399
5591,How can empirical studies in Requirements Engineering be made more rigorous and impactful?,"""Do electronic resources (digital libraries and databases) provide all the functionalies that support the identification, selection, and retrieval of bibliographic and full-text information about SE research?""",0.1399
5592,How can empirical findings in Requirements Engineering be translated into best practices?,"""How has the proportion of theories from other disciplines, from other disciplines with adaptions for the SE (RE), and from SE (RE) itself evolved over time?""",0.1397
5593,How can empirical evidence in Requirements Engineering inform decision-making processes in software engineering?,"""On which levels of sophistication are the theories from SE and RE? (level 1, level 2, or level 3 defined in Sjøberg et al. [1])""",0.1390
5594,How can empirical research in Requirements Engineering support the development of new tools and technologies?,Do the authors exlain WHEN their apporach is better than others in a selected context with specific characteristics?,0.1389
5595,What are the considerations for designing controlled experiments in Requirements Engineering?,How has comparing new approaches with relevant alternative approaches used in the industry evolved over time?,0.1389
5596,What are the methods for assessing the impact of empirical studies in Requirements Engineering on industry practices?,"""On which levels of sophistication are the theories from SE and RE? (level 1, level 2, or level 3 defined in Sjøberg et al. [1])""",0.1388
5597,How can the findings from empirical Requirements Engineering studies be synthesized and communicated to practitioners?,How has the the reporting of the population evolved over time?,0.1387
5598,How can industry feedback be systematically incorporated into empirical Requirements Engineering research?,How has the the reporting of the population evolved over time?,0.1386
5599,What are the common challenges encountered in conducting empirical case studies in Requirements Engineering?,"""Do electronic resources (digital libraries and databases) provide all the functionalies that support the identification, selection, and retrieval of bibliographic and full-text information about SE research?""",0.1386
5600,How can empirical research in Requirements Engineering be used to support continuous improvement in software processes?,How many theories from the SE and RE are there?,0.1386
5601,What mechanisms exist to facilitate industry-academia collaboration in empirical Requirements Engineering research?,Do the authors exlain WHY their apporach is better than others in a selected context with specific characteristics?,0.1385
5602,"In what ways can empirical research methods be integrated into software engineering education, specifically for Requirements Engineering?","""On which levels of sophistication are the theories from SE and RE? (level 1, level 2, or level 3 defined in Sjøberg et al. [1])""",0.1384
5603,What are the future directions for empirical research in Requirements Engineering?,Do the authors exlain WHEN their apporach is better than others in a selected context with specific characteristics?,0.1383
5604,What are the considerations for designing controlled experiments in Requirements Engineering?,Do the authors refer to a reference (website or systematic review) that systematizes and characterizes the theory incorporated?,0.1381
5605,What are the methods for evaluating the reliability of empirical data in Requirements Engineering research?,How many studies incorporate theories?,0.1380
5606,How can empirical research in Requirements Engineering be used to support continuous improvement in software processes?,"""Do electronic resources (digital libraries and databases) provide all the functionalies that support the identification, selection, and retrieval of bibliographic and full-text information about SE research?""",0.1380
5607,What are the considerations for designing controlled experiments in Requirements Engineering?,"""Do the authors refer to and consistently use a basic terminology, descriptors, and keywords to identify and select primary studies for (systematic literature) reviews?""",0.1379
5608,How can empirical methods be used to evaluate software requirements specifications?,Does the research design allow for efficient reuse of study (results) by other researchers?,0.1378
5609,How can empirical research in Requirements Engineering be used to support continuous improvement in software processes?,How has the proportion of each of the three levels of sophistication for theories from SE and RE evolved over time?,0.1377
5610,How can empirical research in Requirements Engineering be used to support continuous improvement in software processes?,What is the proportion of each of the three levels of sophistication for theories from SE and RE?,0.1375
5611,How can empirical evidence in Requirements Engineering inform decision-making processes in software engineering?,"""What is the proportion of theories from other disciplines, from other disciplines with adaptions for the SE and RE, and from SE and RE itself?""",0.1374
5612,How can empirical research in Requirements Engineering be used to inform policy-making in software engineering?,"""On which levels of sophistication are the theories from SE and RE? (level 1, level 2, or level 3 defined in Sjøberg et al. [1])""",0.1374
5613,What are the considerations for designing controlled experiments in Requirements Engineering?,How has the incorporation of theories in studies evolved over time?,0.1374
5614,How can empirical evidence in Requirements Engineering inform decision-making processes in software engineering?,How often are those who conduct the studies also the authors of the papers?,0.1373
5615,What are the considerations for designing controlled experiments in Requirements Engineering?,What is the proportion of each of the three levels of sophistication for theories from SE and RE?,0.1372
5616,How can empirical studies in Requirements Engineering better address the needs of diverse stakeholders?,How often are which statistical methods used?,0.1372
5617,Which empirical methods are recommended for synthesizing evidence in Requirements Engineering?,How has the the reporting of the population evolved over time?,0.1371
5618,What are the methods for triangulating data in empirical Requirements Engineering studies?,How has the use of language (academic vs. plain) in scientific publications evolved over time?,0.1371
5619,How can empirical methods be used to evaluate software requirements specifications?,How has the use of language (academic vs. plain) in scientific publications evolved over time?,0.1369
5620,How can the constructs and variables used in empirical Requirements Engineering research be defined and operationalized?,How do the authors justify preventing bias in the study results?,0.1368
5621,"How can empirical methods in Requirements Engineering be adapted to address complex, real-world problems?",Do the authors use other channels to publish their results for making them available to industrial users?,0.1366
5622,What are the critical success factors for industry-academia research collaborations in Requirements Engineering?,Do the authors exlain WHEN their apporach is better than others in a selected context with specific characteristics?,0.1366
5623,"How can empirical methods in Requirements Engineering be adapted to address complex, real-world problems?","""How has the proportion of theories from other disciplines, from other disciplines with adaptions for the SE (RE), and from SE (RE) itself evolved over time?""",0.1365
5624,How can empirical research in Requirements Engineering address the needs of global software development teams?,How has the use of language (academic vs. plain) in scientific publications evolved over time?,0.1365
5625,How can empirical methods be used to study the effectiveness of Requirements Management practices?,How has the number of theories from SE and RE evolved over time?,0.1365
5626,How can biases be minimized in empirical studies of Requirements Engineering?,How has the proportion of replications evolved over time?,0.1364
5627,What are the methods for synthesizing empirical evidence from diverse study designs in Requirements Engineering?,How has the proportion of replications evolved over time?,0.1361
5628,How can empirical research in Requirements Engineering be used to inform policy-making in software engineering?,"""How has the proportion of theories from other disciplines, from other disciplines with adaptions for the SE (RE), and from SE (RE) itself evolved over time?""",0.1357
5629,What are the methods for conducting effective surveys in Requirements Engineering research?,How has the use of language (academic vs. plain) in scientific publications evolved over time?,0.1356
5630,How can empirical methods be used to study the effectiveness of Requirements Management practices?,How has the use of language (academic vs. plain) in scientific publications evolved over time?,0.1354
5631,How can empirical research address the socio-technical aspects of Requirements Engineering?,How has the definition of the population evolved over time?,0.1354
5632,How can empirical data from multiple studies be effectively integrated in Requirements Engineering research?,"""On which levels of sophistication are the theories from SE and RE? (level 1, level 2, or level 3 defined in Sjøberg et al. [1])""",0.1353
5633,How can empirical findings in Requirements Engineering be validated through multiple studies and contexts?,How has the the reporting of the population evolved over time?,0.1346
5634,How can empirical research in Requirements Engineering be used to support continuous improvement in software processes?,Do the authors exlain WHEN their apporach is better than others in a selected context with specific characteristics?,0.1342
5635,What are the implications of heterogeneous interventions in empirical studies of Requirements Engineering?,"""Do electronic resources (digital libraries and databases) provide all the functionalies that support the identification, selection, and retrieval of bibliographic and full-text information about SE research?""",0.1342
5636,"How can empirical methods in Requirements Engineering be adapted to address complex, real-world problems?",What types of threats to validity do the authors report?,0.1342
5637,What are the considerations for designing controlled experiments in Requirements Engineering?,"""How has building on previous research data and results, including from other disciplines, evolved over time?""",0.1340
5638,How can empirical research in Requirements Engineering address the needs of global software development teams?,"""Do electronic resources (digital libraries and databases) provide all the functionalies that support the identification, selection, and retrieval of bibliographic and full-text information about SE research?""",0.1340
5639,What are the guidelines for conducting high-quality empirical studies in Requirements Engineering?,"""How has the proportion of theories from other disciplines, from other disciplines with adaptions for the SE (RE), and from SE (RE) itself evolved over time?""",0.1339
5640,What are the methods for triangulating data in empirical Requirements Engineering studies?,Do the authors exlain WHEN their apporach is better than others in a selected context with specific characteristics?,0.1335
5641,How can empirical methods be used to study the effectiveness of Requirements Management practices?,How many theories from the SE and RE are there?,0.1335
5642,What are the key challenges in synthesizing qualitative and quantitative data in Requirements Engineering research?,Do the authors exlain WHEN their apporach is better than others in a selected context with specific characteristics?,0.1334
5643,How has the use of empirical methods in Requirements Engineering evolved over time?,"""Do electronic resources (digital libraries and databases) provide all the functionalies that support the identification, selection, and retrieval of bibliographic and full-text information about SE research?""",0.1333
5644,How can the external validity of empirical studies in Requirements Engineering be enhanced?,How has the the reporting of the population evolved over time?,0.1332
5645,How can empirical research in Requirements Engineering be used to inform policy-making in software engineering?,How has the the reporting of the population evolved over time?,0.1331
5646,What are the trends in the methodological approaches used in empirical Requirements Engineering research?,How has the proportion of replications evolved over time?,0.1331
5647,What are the best practices for designing and conducting action research in Requirements Engineering?,How many theories from the SE and RE are there?,0.1330
5648,What are the implications of heterogeneous interventions in empirical studies of Requirements Engineering?,How many theories from the SE and RE are there?,0.1329
5649,What are the implications of empirical research for Requirements Engineering education and training?,Which digital libraries with publications from SE and RE and related disciplines do authors use for (systematic literature) reviews?,0.1325
5650,How can empirical studies support the validation and refinement of Requirements Engineering theories?,How has the use of language (academic vs. plain) in scientific publications evolved over time?,0.1324
5651,What are the methods for evaluating the reliability of empirical data in Requirements Engineering research?,"""How has the proportion of theories from other disciplines, from other disciplines with adaptions for the SE (RE), and from SE (RE) itself evolved over time?""",0.1324
5652,What are the best practices for designing and conducting action research in Requirements Engineering?,How has the use of statistical methods evolved over time?,0.1322
5653,How can empirical studies in Requirements Engineering be made more rigorous and impactful?,How has the proportion of replications evolved over time?,0.1319
5654,How can empirical research in Requirements Engineering address the needs of global software development teams?,What types of threats to validity do the authors report?,0.1319
5655,What are the primary research questions addressed by empirical methods in Requirements Engineering studies?,How has the proportion of replications evolved over time?,0.1319
5656,How do empirical studies in Requirements Engineering integrate quantitative and qualitative approaches?,How has the the reporting of the population evolved over time?,0.1318
5657,What criteria are used to evaluate the quality of empirical studies in Requirements Engineering?,How has the the reporting of the population evolved over time?,0.1318
5658,How can empirical research in Requirements Engineering address the needs of global software development teams?,How has the the reporting of the population evolved over time?,0.1317
5659,"In what ways can empirical research methods be integrated into software engineering education, specifically for Requirements Engineering?",Do the authors exlain WHEN their apporach is better than others in a selected context with specific characteristics?,0.1315
5660,How can biases be minimized in empirical studies of Requirements Engineering?,"""Do electronic resources (digital libraries and databases) provide all the functionalies that support the identification, selection, and retrieval of bibliographic and full-text information about SE research?""",0.1314
5661,What are the ethical considerations in conducting empirical research in Requirements Engineering?,How has the proportion of each of the three levels of sophistication for theories from SE and RE evolved over time?,0.1313
5662,"How can empirical methods in Requirements Engineering be adapted to address complex, real-world problems?",Which digital libraries with publications from SE and RE and related disciplines do authors use for (systematic literature) reviews?,0.1312
5663,What are the methods for conducting effective surveys in Requirements Engineering research?,"""How has the proportion of theories from other disciplines, from other disciplines with adaptions for the SE (RE), and from SE (RE) itself evolved over time?""",0.1311
5664,"In what ways can empirical research methods be integrated into software engineering education, specifically for Requirements Engineering?",How has the reporting of threats to validity evolved over time?,0.1310
5665,What are the best practices for conducting systematic reviews in empirical Requirements Engineering research?,"""On which levels of sophistication are the theories from SE and RE? (level 1, level 2, or level 3 defined in Sjøberg et al. [1])""",0.1310
5666,What are the critical success factors for industry-academia research collaborations in Requirements Engineering?,How often are which statistical methods used?,0.1308
5667,What are the best practices for reporting empirical research findings in Requirements Engineering?,Do the authors exlain WHY their apporach is better than others in a selected context with specific characteristics?,0.1305
5668,How can empirical research in Requirements Engineering address the challenge of generalizability?,"""Do electronic resources (digital libraries and databases) provide all the functionalies that support the identification, selection, and retrieval of bibliographic and full-text information about SE research?""",0.1303
5669,What are the considerations for designing controlled experiments in Requirements Engineering?,How has the reporting of threats to validity evolved over time?,0.1303
5670,What are the methods for evaluating the reliability of empirical data in Requirements Engineering research?,How has the proportion of replications evolved over time?,0.1301
5671,How can empirical research contribute to the development of standardized practices in Requirements Engineering?,How has the proportion of replications evolved over time?,0.1297
5672,What are the methods for ensuring the transparency and reproducibility of empirical research in Requirements Engineering?,Do the authors exlain WHEN their apporach is better than others in a selected context with specific characteristics?,0.1295
5673,How can empirical research support the development of more effective Requirements Elicitation techniques?,How often are those who conduct the studies also the authors of the papers?,0.1289
5674,What are the best practices for reporting empirical research findings in Requirements Engineering?,"""How has the proportion of theories from other disciplines, from other disciplines with adaptions for the SE (RE), and from SE (RE) itself evolved over time?""",0.1289
5675,"How can empirical methods in Requirements Engineering be adapted to address complex, real-world problems?",Do the authors use multiple digital libraries including publications from SE and RE and related disciplines for (systematic literature) reviews?,0.1286
5676,How can the effectiveness of empirical methods in Requirements Engineering be assessed?,How often are those who conduct the studies also the authors of the papers?,0.1283
5677,How can empirical research contribute to the development of standardized practices in Requirements Engineering?,How has the the reporting of the population evolved over time?,0.1282
5678,"How can empirical methods in Requirements Engineering be adapted to address complex, real-world problems?","""What is the proportion of theories from other disciplines, from other disciplines with adaptions for the SE and RE, and from SE and RE itself?""",0.1282
5679,"How can empirical methods in Requirements Engineering be adapted to address complex, real-world problems?",How do the authors justify preventing bias in the study results?,0.1277
5680,What are the methods for triangulating data in empirical Requirements Engineering studies?,"""How has the proportion of theories from other disciplines, from other disciplines with adaptions for the SE (RE), and from SE (RE) itself evolved over time?""",0.1276
5681,What are the methods for triangulating data in empirical Requirements Engineering studies?,"""What is the proportion of theories from other disciplines, from other disciplines with adaptions for the SE and RE, and from SE and RE itself?""",0.1274
5682,How can empirical research in Requirements Engineering address the needs of global software development teams?,Do the authors exlain WHEN their apporach is better than others in a selected context with specific characteristics?,0.1273
5683,What mechanisms exist to facilitate industry-academia collaboration in empirical Requirements Engineering research?,Do the authors exlain WHEN their apporach is better than others in a selected context with specific characteristics?,0.1273
5684,How can empirical research in Requirements Engineering be used to support continuous improvement in software processes?,Do authors report that assumptions and limitations of statistical methods are met before using them?,0.1272
5685,How can the constructs and variables used in empirical Requirements Engineering research be defined and operationalized?,How has the the reporting of the population evolved over time?,0.1271
5686,How can empirical methods be used to evaluate software requirements specifications?,"""Do electronic resources (digital libraries and databases) provide all the functionalies that support the identification, selection, and retrieval of bibliographic and full-text information about SE research?""",0.1268
5687,How can empirical methods be used to study the effectiveness of Requirements Management practices?,"""Do electronic resources (digital libraries and databases) provide all the functionalies that support the identification, selection, and retrieval of bibliographic and full-text information about SE research?""",0.1266
5688,What are the standards for documenting and sharing empirical research data in Requirements Engineering?,Do the authors exlain WHY their apporach is better than others in a selected context with specific characteristics?,0.1260
5689,How can empirical research in Requirements Engineering address the needs of global software development teams?,"""On which levels of sophistication are the theories from SE and RE? (level 1, level 2, or level 3 defined in Sjøberg et al. [1])""",0.1257
5690,How can the threats to internal and external validity be mitigated in empirical studies of Requirements Engineering?,How often are which statistical methods used?,0.1256
5691,How can empirical methods be used to evaluate software requirements specifications?,How has the incorporation of theories in studies evolved over time?,0.1255
5692,How can empirical research in Requirements Engineering contribute to theory building?,How has the proportion of replications evolved over time?,0.1244
5693,What mechanisms exist to facilitate industry-academia collaboration in empirical Requirements Engineering research?,How often are which statistical methods used?,0.1240
5694,What are the implications of empirical research for Requirements Engineering education and training?,How has the the reporting of the population evolved over time?,0.1240
5695,"How can empirical methods in Requirements Engineering be adapted to address complex, real-world problems?",How has the use of language (academic vs. plain) in scientific publications evolved over time?,0.1239
5696,How can empirical evidence in Requirements Engineering inform decision-making processes in software engineering?,How has the use of language (academic vs. plain) in scientific publications evolved over time?,0.1235
5697,How can empirical methods be used to evaluate software requirements specifications?,"""What is the proportion of theories from other disciplines, from other disciplines with adaptions for the SE and RE, and from SE and RE itself?""",0.1235
5698,What are the considerations for designing controlled experiments in Requirements Engineering?,How has the reporting of research questions and answers evolved over time?,0.1234
5699,How can empirical research in Requirements Engineering be used to support continuous improvement in software processes?,"""How has the proportion of theories from other disciplines, from other disciplines with adaptions for the SE (RE), and from SE (RE) itself evolved over time?""",0.1233
5700,What are the implications of heterogeneous interventions in empirical studies of Requirements Engineering?,How has the use of language (academic vs. plain) in scientific publications evolved over time?,0.1231
5701,How can empirical research in Requirements Engineering address the challenge of generalizability?,How has the definition of the population evolved over time?,0.1231
5702,What are the implications of empirical research for the future of Requirements Engineering as a discipline?,Do the authors exlain WHEN their apporach is better than others in a selected context with specific characteristics?,0.1224
5703,How can the effectiveness of empirical methods in Requirements Engineering be assessed?,How has the the reporting of the population evolved over time?,0.1222
5704,What are the standards for documenting and sharing empirical research data in Requirements Engineering?,How has the proportion of replications evolved over time?,0.1221
5705,What are the future directions for empirical research in Requirements Engineering?,How has the the reporting of the population evolved over time?,0.1218
5706,How can empirical research in Requirements Engineering be used to support continuous improvement in software processes?,How has the proportion of replications evolved over time?,0.1217
5707,What are the best practices for designing and conducting action research in Requirements Engineering?,Do the authors exlain WHEN their apporach is better than others in a selected context with specific characteristics?,0.1203
5708,What are the standards for documenting and sharing empirical research data in Requirements Engineering?,Do the authors exlain WHEN their apporach is better than others in a selected context with specific characteristics?,0.1199
5709,What are the methods for ensuring the transparency and reproducibility of empirical research in Requirements Engineering?,Do the authors exlain WHY their apporach is better than others in a selected context with specific characteristics?,0.1198
5710,Which empirical methods are most commonly deployed in industry-academia collaborations in Requirements Engineering?,How has the proportion of replications evolved over time?,0.1195
5711,How can biases be minimized in empirical studies of Requirements Engineering?,Which digital libraries with publications from SE and RE and related disciplines do authors use for (systematic literature) reviews?,0.1193
5712,How can empirical research in Requirements Engineering be used to support continuous improvement in software processes?,"""What is the proportion of theories from other disciplines, from other disciplines with adaptions for the SE and RE, and from SE and RE itself?""",0.1192
5713,What are the methods for assessing the impact of empirical studies in Requirements Engineering on industry practices?,How has the proportion of replications evolved over time?,0.1189
5714,How can the constructs and variables used in empirical Requirements Engineering research be defined and operationalized?,How often are those who conduct the studies also the authors of the papers?,0.1189
5715,How can empirical studies support the validation and refinement of Requirements Engineering theories?,How often are those who conduct the studies also the authors of the papers?,0.1188
5716,How can empirical methods guide the development of new SE technology in Requirements Engineering?,Do the authors exlain WHEN their apporach is better than others in a selected context with specific characteristics?,0.1186
5717,What are the lessons learned from past empirical studies in Requirements Engineering?,How has the definition of the population evolved over time?,0.1186
5718,How can empirical research in Requirements Engineering address the needs of global software development teams?,How has the proportion of replications evolved over time?,0.1178
5719,What are the ethical considerations in conducting empirical research in Requirements Engineering?,"""How has the proportion of theories from other disciplines, from other disciplines with adaptions for the SE (RE), and from SE (RE) itself evolved over time?""",0.1175
5720,How can empirical research in Requirements Engineering address the challenge of generalizability?,Do the authors use multiple digital libraries including publications from SE and RE and related disciplines for (systematic literature) reviews?,0.1167
5721,How can industry feedback be systematically incorporated into empirical Requirements Engineering research?,How often are those who conduct the studies also the authors of the papers?,0.1167
5722,What are the implications of empirical research for the future of Requirements Engineering as a discipline?,How has the the reporting of the population evolved over time?,0.1164
5723,How can empirical research support the development of more effective Requirements Elicitation techniques?,How has the the reporting of the population evolved over time?,0.1164
5724,How can empirical research in Requirements Engineering address the challenge of generalizability?,How has the the reporting of the population evolved over time?,0.1163
5725,What are the best practices for designing and conducting action research in Requirements Engineering?,Do the authors exlain WHY their apporach is better than others in a selected context with specific characteristics?,0.1162
5726,How can empirical research in Requirements Engineering be used to support continuous improvement in software processes?,How often are those who conduct the studies also the authors of the papers?,0.1159
5727,What are the criteria for assessing the credibility of empirical research findings in Requirements Engineering?,How has the proportion of replications evolved over time?,0.1158
5728,How can empirical methods guide the development of new SE technology in Requirements Engineering?,How do the authors justify preventing bias in the study results?,0.1158
5729,What are the ethical considerations in conducting empirical research in Requirements Engineering?,How has the number of theories from SE and RE evolved over time?,0.1151
5730,What are the primary research questions addressed by empirical methods in Requirements Engineering studies?,How has the the reporting of the population evolved over time?,0.1149
5731,How can empirical findings in Requirements Engineering be translated into best practices?,How has the the reporting of the population evolved over time?,0.1149
5732,What are the considerations for designing controlled experiments in Requirements Engineering?,How has the reporting of the subjects evolved over time?,0.1149
5733,How can empirical methods be used to evaluate the impact of new Requirements Engineering techniques?,"""Do electronic resources (digital libraries and databases) provide all the functionalies that support the identification, selection, and retrieval of bibliographic and full-text information about SE research?""",0.1142
5734,What mechanisms exist to facilitate industry-academia collaboration in empirical Requirements Engineering research?,How has the proportion of replications evolved over time?,0.1130
5735,What are the implications of heterogeneous interventions in empirical studies of Requirements Engineering?,How has the the reporting of the population evolved over time?,0.1129
5736,How can empirical methods be used to study the effectiveness of Requirements Management practices?,"""What is the proportion of theories from other disciplines, from other disciplines with adaptions for the SE and RE, and from SE and RE itself?""",0.1119
5737,How can empirical research in Requirements Engineering support the development of new tools and technologies?,How has the proportion of replications evolved over time?,0.1119
5738,How can empirical research in Requirements Engineering be used to support continuous improvement in software processes?,How has the the reporting of the population evolved over time?,0.1110
5739,"In what ways can empirical research methods be integrated into software engineering education, specifically for Requirements Engineering?",What types of threats to validity do the authors report?,0.1108
5740,What are the major challenges in applying empirical methods to Requirements Engineering research?,How has the the reporting of the population evolved over time?,0.1107
5741,How can empirical data from multiple studies be effectively integrated in Requirements Engineering research?,How has the proportion of replications evolved over time?,0.1097
5742,How can empirical studies in Requirements Engineering be made more rigorous and impactful?,How has the definition of the population evolved over time?,0.1094
5743,How can empirical research in Requirements Engineering contribute to theory building?,How has the the reporting of the population evolved over time?,0.1093
5744,What are the core empirical methods used in Requirements Engineering research?,How has the proportion of replications evolved over time?,0.1086
5745,How can empirical methods guide the development of new SE technology in Requirements Engineering?,How often are those who conduct the studies also the authors of the papers?,0.1083
5746,What are the methods for evaluating the reliability of empirical data in Requirements Engineering research?,How has the incorporation of theories in studies evolved over time?,0.1082
5747,What are the key variables studied in empirical Requirements Engineering research?,How has the the reporting of the population evolved over time?,0.1080
5748,How can empirical methods be used to study the effectiveness of Requirements Management practices?,How has the proportion of replications evolved over time?,0.1078
5749,What are the considerations for designing controlled experiments in Requirements Engineering?,How has the reporting of the context evolved over time?,0.1078
5750,What methods are used to ensure the reliability and validity of empirical data in Requirements Engineering research?,How has the proportion of replications evolved over time?,0.1077
5751,How can empirical research address the socio-technical aspects of Requirements Engineering?,How has the proportion of replications evolved over time?,0.1075
5752,How can empirical methods be used to evaluate software requirements specifications?,"""How has the proportion of theories from other disciplines, from other disciplines with adaptions for the SE (RE), and from SE (RE) itself evolved over time?""",0.1073
5753,What are the considerations for designing controlled experiments in Requirements Engineering?,Which digital libraries with publications from SE and RE and related disciplines do authors use for (systematic literature) reviews?,0.1067
5754,What is the role of empirical methods in advancing the state-of-the-art in Requirements Engineering?,How has the the reporting of the population evolved over time?,0.1066
5755,How do empirical studies in Requirements Engineering integrate quantitative and qualitative approaches?,How has the proportion of replications evolved over time?,0.1063
5756,Which empirical methods are recommended for synthesizing evidence in Requirements Engineering?,How has the proportion of replications evolved over time?,0.1062
5757,What are the core empirical methods used in Requirements Engineering research?,How has the the reporting of the population evolved over time?,0.1057
5758,What are the considerations for designing controlled experiments in Requirements Engineering?,How often are those who conduct the studies also the authors of the papers?,0.1054
5759,How can empirical research findings in Requirements Engineering be made more accessible to practitioners?,How has the proportion of replications evolved over time?,0.1054
5760,How can empirical research in Requirements Engineering address the challenge of generalizability?,How has the proportion of replications evolved over time?,0.1038
5761,How can empirical research in Requirements Engineering be used to support continuous improvement in software processes?,What types of threats to validity do the authors report?,0.1036
5762,How can the threats to internal and external validity be mitigated in empirical studies of Requirements Engineering?,"""Do electronic resources (digital libraries and databases) provide all the functionalies that support the identification, selection, and retrieval of bibliographic and full-text information about SE research?""",0.1034
5763,How can the effectiveness of empirical methods in Requirements Engineering be assessed?,"""Do electronic resources (digital libraries and databases) provide all the functionalies that support the identification, selection, and retrieval of bibliographic and full-text information about SE research?""",0.1034
5764,What are the key challenges in synthesizing qualitative and quantitative data in Requirements Engineering research?,How often are those who conduct the studies also the authors of the papers?,0.1034
5765,What are the methods for conducting effective surveys in Requirements Engineering research?,How has the proportion of replications evolved over time?,0.1031
5766,What role do replications play in ensuring the robustness of empirical studies in Requirements Engineering?,How has the definition of the population evolved over time?,0.1030
5767,What are the best practices for designing and conducting action research in Requirements Engineering?,"""What is the proportion of theories from other disciplines, from other disciplines with adaptions for the SE and RE, and from SE and RE itself?""",0.1027
5768,What are the methods for triangulating data in empirical Requirements Engineering studies?,How has the proportion of replications evolved over time?,0.1021
5769,What are the best practices for designing and conducting action research in Requirements Engineering?,How has the proportion of each of the three levels of sophistication for theories from SE and RE evolved over time?,0.1021
5770,What are the considerations for designing controlled experiments in Requirements Engineering?,Do the authors use multiple digital libraries including publications from SE and RE and related disciplines for (systematic literature) reviews?,0.1016
5771,What are the common themes in the empirical literature on Requirements Engineering?,How has the the reporting of the population evolved over time?,0.1016
5772,What are the considerations for designing controlled experiments in Requirements Engineering?,"""On which levels of sophistication are the theories from SE and RE? (level 1, level 2, or level 3 defined in Sjøberg et al. [1])""",0.1016
5773,How can empirical research in Requirements Engineering be used to support continuous improvement in software processes?,How has the use of language (academic vs. plain) in scientific publications evolved over time?,0.1014
5774,What are the major challenges in applying empirical methods to Requirements Engineering research?,How has the proportion of replications evolved over time?,0.1012
5775,How can empirical methods guide the development of new SE technology in Requirements Engineering?,How has the definition of the population evolved over time?,0.1010
5776,What are the key challenges in synthesizing qualitative and quantitative data in Requirements Engineering research?,How has the proportion of replications evolved over time?,0.0999
5777,What are the critical research gaps in the empirical study of Requirements Engineering?,How has the proportion of replications evolved over time?,0.0994
5778,How can empirical research in Requirements Engineering be used to support continuous improvement in software processes?,"""On which levels of sophistication are the theories from SE and RE? (level 1, level 2, or level 3 defined in Sjøberg et al. [1])""",0.0980
5779,How can empirical research in Requirements Engineering be used to inform policy-making in software engineering?,How has the proportion of replications evolved over time?,0.0977
5780,How can biases be minimized in empirical studies of Requirements Engineering?,How has the the reporting of the population evolved over time?,0.0972
5781,What are the best practices for reporting empirical research findings in Requirements Engineering?,How has the proportion of replications evolved over time?,0.0966
5782,How can empirical research in Requirements Engineering benefit from interdisciplinary approaches?,How has the proportion of replications evolved over time?,0.0964
5783,How can empirical methods be used to evaluate software requirements specifications?,Do the authors use other channels to publish their results for making them available to industrial users?,0.0954
5784,How can the threats to internal and external validity be mitigated in empirical studies of Requirements Engineering?,How often are those who conduct the studies also the authors of the papers?,0.0950
5785,What are the future directions for empirical research in Requirements Engineering?,How has the proportion of replications evolved over time?,0.0948
5786,What are the methods for triangulating data in empirical Requirements Engineering studies?,How has the definition of the population evolved over time?,0.0940
5787,"In what ways can empirical research methods be integrated into software engineering education, specifically for Requirements Engineering?",How has the the reporting of the population evolved over time?,0.0930
5788,What are the best practices for designing and conducting action research in Requirements Engineering?,How has the use of power analysis and effect size estimation evolved over time?,0.0929
5789,How can the use of empirical methods in Requirements Engineering research be improved?,How has the proportion of replications evolved over time?,0.0928
5790,What are the best practices for conducting systematic reviews in empirical Requirements Engineering research?,How has the the reporting of the population evolved over time?,0.0925
5791,How can empirical studies in Requirements Engineering better address the needs of diverse stakeholders?,How has the definition of the population evolved over time?,0.0921
5792,How can empirical research in Requirements Engineering benefit from interdisciplinary approaches?,How has the the reporting of the population evolved over time?,0.0917
5793,What are the considerations for designing controlled experiments in Requirements Engineering?,How has the proportion of each of the three levels of sophistication for theories from SE and RE evolved over time?,0.0907
5794,What are the common themes in the empirical literature on Requirements Engineering?,How has the definition of the population evolved over time?,0.0904
5795,How can empirical methods be used to evaluate the impact of new Requirements Engineering techniques?,How often are those who conduct the studies also the authors of the papers?,0.0890
5796,How can the relevance and impact of empirical studies in Requirements Engineering be increased?,How has the proportion of replications evolved over time?,0.0886
5797,How can empirical methods be used to evaluate software requirements specifications?,How has the the reporting of the population evolved over time?,0.0884
5798,How can the threats to internal and external validity be mitigated in empirical studies of Requirements Engineering?,How has the use of language (academic vs. plain) in scientific publications evolved over time?,0.0884
5799,What are the trends in the methodological approaches used in empirical Requirements Engineering research?,How has the definition of the population evolved over time?,0.0873
5800,How can empirical research support the development of more effective Requirements Elicitation techniques?,How has the proportion of replications evolved over time?,0.0871
5801,What are the critical research gaps in the empirical study of Requirements Engineering?,How has the the reporting of the population evolved over time?,0.0868
5802,What methods are used to ensure the reliability and validity of empirical data in Requirements Engineering research?,How has the definition of the population evolved over time?,0.0866
5803,How can empirical research in Requirements Engineering address the challenge of generalizability?,Which digital libraries with publications from SE and RE and related disciplines do authors use for (systematic literature) reviews?,0.0862
5804,What are the key variables studied in empirical Requirements Engineering research?,How has the definition of the population evolved over time?,0.0859
5805,How can empirical methods be used to study the effectiveness of Requirements Management practices?,"""On which levels of sophistication are the theories from SE and RE? (level 1, level 2, or level 3 defined in Sjøberg et al. [1])""",0.0859
5806,What are the guidelines for conducting high-quality empirical studies in Requirements Engineering?,How has the the reporting of the population evolved over time?,0.0855
5807,What is the role of empirical methods in advancing the state-of-the-art in Requirements Engineering?,How has the proportion of replications evolved over time?,0.0853
5808,How can empirical research findings in Requirements Engineering be made more accessible to practitioners?,How has the definition of the population evolved over time?,0.0846
5809,How can the findings from empirical Requirements Engineering studies be synthesized and communicated to practitioners?,How has the proportion of replications evolved over time?,0.0844
5810,How can empirical research in Requirements Engineering address the challenge of generalizability?,How often are those who conduct the studies also the authors of the papers?,0.0840
5811,What are the common challenges encountered in conducting empirical case studies in Requirements Engineering?,How has the proportion of replications evolved over time?,0.0840
5812,How can empirical methods be used to study the effectiveness of Requirements Management practices?,"""How has the proportion of theories from other disciplines, from other disciplines with adaptions for the SE (RE), and from SE (RE) itself evolved over time?""",0.0837
5813,How can empirical methods be used to evaluate software requirements specifications?,How often are those who conduct the studies also the authors of the papers?,0.0836
5814,"How can empirical methods in Requirements Engineering be adapted to address complex, real-world problems?",How often are those who conduct the studies also the authors of the papers?,0.0819
5815,How can empirical research in Requirements Engineering contribute to improving software development processes?,How has the definition of the population evolved over time?,0.0815
5816,How can empirical evidence in Requirements Engineering inform decision-making processes in software engineering?,How has the proportion of replications evolved over time?,0.0815
5817,What are the methods for evaluating the reliability of empirical data in Requirements Engineering research?,How has the definition of the population evolved over time?,0.0808
5818,How can empirical methods be used to study the effectiveness of Requirements Management practices?,How has the definition of the population evolved over time?,0.0798
5819,What are the criteria for selecting appropriate empirical methods for specific research questions in Requirements Engineering?,How has the the reporting of the population evolved over time?,0.0797
5820,How can empirical research in Requirements Engineering support the development of new tools and technologies?,How has the definition of the population evolved over time?,0.0794
5821,How can the reproducibility of empirical studies in Requirements Engineering be ensured?,How has the definition of the population evolved over time?,0.0792
5822,How can industry feedback be systematically incorporated into empirical Requirements Engineering research?,How has the proportion of replications evolved over time?,0.0792
5823,How do empirical studies in Requirements Engineering integrate quantitative and qualitative approaches?,How has the definition of the population evolved over time?,0.0790
5824,What are the common challenges encountered in conducting empirical case studies in Requirements Engineering?,How has the the reporting of the population evolved over time?,0.0783
5825,What are the common themes in the empirical literature on Requirements Engineering?,How has the proportion of replications evolved over time?,0.0783
5826,How can empirical research in Requirements Engineering support the development of industry-relevant guidelines and checklists?,How has the the reporting of the population evolved over time?,0.0783
5827,What are the considerations for designing controlled experiments in Requirements Engineering?,How has the proportion of replications evolved over time?,0.0778
5828,How can empirical methods be used to evaluate the impact of new Requirements Engineering techniques?,How has the definition of the population evolved over time?,0.0772
5829,How can the use of empirical methods in Requirements Engineering research be improved?,How has the definition of the population evolved over time?,0.0768
5830,How can empirical methods guide the development of new SE technology in Requirements Engineering?,How has the proportion of replications evolved over time?,0.0755
5831,What are the criteria for selecting appropriate empirical methods for specific research questions in Requirements Engineering?,How has the proportion of replications evolved over time?,0.0747
5832,"How can empirical methods in Requirements Engineering be adapted to address complex, real-world problems?","""Do electronic resources (digital libraries and databases) provide all the functionalies that support the identification, selection, and retrieval of bibliographic and full-text information about SE research?""",0.0746
5833,What is the role of empirical methods in advancing the state-of-the-art in Requirements Engineering?,How has the definition of the population evolved over time?,0.0745
5834,What are the criteria for assessing the credibility of empirical research findings in Requirements Engineering?,How has the definition of the population evolved over time?,0.0743
5835,How can the threats to internal and external validity be mitigated in empirical studies of Requirements Engineering?,How has the the reporting of the population evolved over time?,0.0741
5836,What are the methods for ensuring the transparency and reproducibility of empirical research in Requirements Engineering?,How has the definition of the population evolved over time?,0.0730
5837,What are the best practices for designing and conducting action research in Requirements Engineering?,How has the use of language (academic vs. plain) in scientific publications evolved over time?,0.0728
5838,What are the implications of empirical research for the future of Requirements Engineering as a discipline?,How has the proportion of replications evolved over time?,0.0728
5839,What are the methods for synthesizing empirical evidence from diverse study designs in Requirements Engineering?,How has the definition of the population evolved over time?,0.0728
5840,What are the considerations for designing controlled experiments in Requirements Engineering?,How has the use of language (academic vs. plain) in scientific publications evolved over time?,0.0728
5841,What are the guidelines for conducting high-quality empirical studies in Requirements Engineering?,How has the proportion of replications evolved over time?,0.0726
5842,How can empirical data from multiple studies be effectively integrated in Requirements Engineering research?,How has the definition of the population evolved over time?,0.0725
5843,How can empirical research in Requirements Engineering support the development of industry-relevant guidelines and checklists?,How has the proportion of replications evolved over time?,0.0723
5844,How can industry feedback be systematically incorporated into empirical Requirements Engineering research?,How has the use of language (academic vs. plain) in scientific publications evolved over time?,0.0722
5845,"In what ways can empirical research methods be integrated into software engineering education, specifically for Requirements Engineering?",How has the proportion of replications evolved over time?,0.0721
5846,What are the implications of heterogeneous interventions in empirical studies of Requirements Engineering?,How has the definition of the population evolved over time?,0.0718
5847,How can empirical studies support the validation and refinement of Requirements Engineering theories?,How has the the reporting of the population evolved over time?,0.0715
5848,How can empirical research in Requirements Engineering be used to support continuous improvement in software processes?,How has the definition of the population evolved over time?,0.0715
5849,How can empirical research in Requirements Engineering benefit from interdisciplinary approaches?,How has the definition of the population evolved over time?,0.0712
5850,How can empirical methods be used to evaluate the impact of new Requirements Engineering techniques?,How has the proportion of replications evolved over time?,0.0711
5851,What are the ethical considerations in conducting empirical research in Requirements Engineering?,How has the proportion of replications evolved over time?,0.0711
5852,How can empirical findings in Requirements Engineering be validated through multiple studies and contexts?,How has the proportion of replications evolved over time?,0.0707
5853,What are the best practices for conducting systematic reviews in empirical Requirements Engineering research?,How has the proportion of replications evolved over time?,0.0702
5854,How can empirical research in Requirements Engineering be used to inform policy-making in software engineering?,How has the definition of the population evolved over time?,0.0692
5855,What are the considerations for designing controlled experiments in Requirements Engineering?,How many theories from the SE and RE are there?,0.0687
5856,How can the relevance and impact of empirical studies in Requirements Engineering be increased?,How has the definition of the population evolved over time?,0.0681
5857,What are the considerations for designing controlled experiments in Requirements Engineering?,"""What is the proportion of theories from other disciplines, from other disciplines with adaptions for the SE and RE, and from SE and RE itself?""",0.0678
5858,What are the ethical considerations in conducting empirical research in Requirements Engineering?,How has the the reporting of the population evolved over time?,0.0676
5859,How can empirical research contribute to the development of standardized practices in Requirements Engineering?,How has the definition of the population evolved over time?,0.0668
5860,How can empirical research in Requirements Engineering contribute to theory building?,How has the definition of the population evolved over time?,0.0666
5861,What are the best practices for designing and conducting action research in Requirements Engineering?,How has the number of theories from SE and RE evolved over time?,0.0655
5862,What are the implications of heterogeneous interventions in empirical studies of Requirements Engineering?,How has the proportion of replications evolved over time?,0.0653
5863,What are the implications of empirical research for Requirements Engineering education and training?,How has the definition of the population evolved over time?,0.0652
5864,What are the best practices for designing and conducting action research in Requirements Engineering?,"""How has the proportion of theories from other disciplines, from other disciplines with adaptions for the SE (RE), and from SE (RE) itself evolved over time?""",0.0651
5865,What are the core empirical methods used in Requirements Engineering research?,How has the definition of the population evolved over time?,0.0648
5866,What are the primary research questions addressed by empirical methods in Requirements Engineering studies?,How has the definition of the population evolved over time?,0.0646
5867,How can empirical studies support the validation and refinement of Requirements Engineering theories?,How has the proportion of replications evolved over time?,0.0646
5868,How can empirical methods be used to evaluate software requirements specifications?,How has the proportion of replications evolved over time?,0.0644
5869,"How can empirical methods in Requirements Engineering be adapted to address complex, real-world problems?",How has the definition of the population evolved over time?,0.0633
5870,How can the external validity of empirical studies in Requirements Engineering be enhanced?,How has the proportion of replications evolved over time?,0.0631
5871,Which empirical methods are most commonly deployed in industry-academia collaborations in Requirements Engineering?,How has the the reporting of the population evolved over time?,0.0628
5872,"How can empirical methods in Requirements Engineering be adapted to address complex, real-world problems?",How has the the reporting of the population evolved over time?,0.0627
5873,What are the key challenges in synthesizing qualitative and quantitative data in Requirements Engineering research?,How has the definition of the population evolved over time?,0.0618
5874,How can empirical methods be used to evaluate software requirements specifications?,How has the definition of the population evolved over time?,0.0617
5875,How can the external validity of empirical studies in Requirements Engineering be enhanced?,How has the definition of the population evolved over time?,0.0612
5876,What are the implications of empirical research for the future of Requirements Engineering as a discipline?,How has the definition of the population evolved over time?,0.0603
5877,What are the considerations for designing controlled experiments in Requirements Engineering?,"""Do electronic resources (digital libraries and databases) provide all the functionalies that support the identification, selection, and retrieval of bibliographic and full-text information about SE research?""",0.0598
5878,How can empirical studies in Requirements Engineering better address the needs of diverse stakeholders?,How has the proportion of replications evolved over time?,0.0594
5879,What criteria are used to evaluate the quality of empirical studies in Requirements Engineering?,How has the proportion of replications evolved over time?,0.0589
5880,How can empirical findings in Requirements Engineering be validated through multiple studies and contexts?,How has the definition of the population evolved over time?,0.0589
5881,"In what ways can empirical research methods be integrated into software engineering education, specifically for Requirements Engineering?",How has the definition of the population evolved over time?,0.0589
5882,How can empirical research support the development of more effective Requirements Elicitation techniques?,How has the definition of the population evolved over time?,0.0587
5883,How can biases be minimized in empirical studies of Requirements Engineering?,How has the definition of the population evolved over time?,0.0587
5884,What are the key variables studied in empirical Requirements Engineering research?,How has the proportion of replications evolved over time?,0.0585
5885,How can the effectiveness of empirical methods in Requirements Engineering be assessed?,How has the definition of the population evolved over time?,0.0585
5886,What are the key success factors for empirical studies in Requirements Engineering?,How has the definition of the population evolved over time?,0.0581
5887,"How can empirical methods in Requirements Engineering be adapted to address complex, real-world problems?",How has the proportion of replications evolved over time?,0.0581
5888,What criteria are used to evaluate the quality of empirical studies in Requirements Engineering?,How has the definition of the population evolved over time?,0.0559
5889,How can empirical studies support the validation and refinement of Requirements Engineering theories?,How has the definition of the population evolved over time?,0.0557
5890,How can the scope of empirical studies in Requirements Engineering be systematically defined and reported?,How has the proportion of replications evolved over time?,0.0550
5891,How can empirical research in Requirements Engineering address the needs of global software development teams?,How has the definition of the population evolved over time?,0.0548
5892,What are the implications of empirical research for Requirements Engineering education and training?,How has the proportion of replications evolved over time?,0.0539
5893,What are the standards for documenting and sharing empirical research data in Requirements Engineering?,How has the definition of the population evolved over time?,0.0525
5894,How can the findings from empirical Requirements Engineering studies be synthesized and communicated to practitioners?,How has the definition of the population evolved over time?,0.0508
5895,How can empirical evidence in Requirements Engineering inform decision-making processes in software engineering?,How has the definition of the population evolved over time?,0.0495
5896,Which empirical methods are recommended for synthesizing evidence in Requirements Engineering?,How has the definition of the population evolved over time?,0.0493
5897,How can the scope of empirical studies in Requirements Engineering be systematically defined and reported?,How has the definition of the population evolved over time?,0.0482
5898,What mechanisms exist to facilitate industry-academia collaboration in empirical Requirements Engineering research?,How has the the reporting of the population evolved over time?,0.0477
5899,What are the methods for assessing the impact of empirical studies in Requirements Engineering on industry practices?,How has the definition of the population evolved over time?,0.0467
5900,What are the considerations for designing controlled experiments in Requirements Engineering?,How has the number of theories from SE and RE evolved over time?,0.0448
5901,How can the effectiveness of empirical methods in Requirements Engineering be assessed?,How has the proportion of replications evolved over time?,0.0412
5902,What are the major challenges in applying empirical methods to Requirements Engineering research?,How has the definition of the population evolved over time?,0.0408
5903,What are the methods for conducting effective surveys in Requirements Engineering research?,How has the definition of the population evolved over time?,0.0405
5904,What are the future directions for empirical research in Requirements Engineering?,How has the definition of the population evolved over time?,0.0402
5905,What are the criteria for selecting appropriate empirical methods for specific research questions in Requirements Engineering?,How has the definition of the population evolved over time?,0.0392
5906,What are the considerations for designing controlled experiments in Requirements Engineering?,"""How has the proportion of theories from other disciplines, from other disciplines with adaptions for the SE (RE), and from SE (RE) itself evolved over time?""",0.0390
5907,How can empirical findings in Requirements Engineering be translated into best practices?,How has the proportion of replications evolved over time?,0.0354
5908,What are the best practices for designing and conducting action research in Requirements Engineering?,How has the proportion of replications evolved over time?,0.0350
5909,What are the critical research gaps in the empirical study of Requirements Engineering?,How has the definition of the population evolved over time?,0.0301
5910,How can empirical research in Requirements Engineering support the development of industry-relevant guidelines and checklists?,How has the definition of the population evolved over time?,0.0298
5911,How can empirical findings in Requirements Engineering be translated into best practices?,How has the definition of the population evolved over time?,0.0294
5912,How can the constructs and variables used in empirical Requirements Engineering research be defined and operationalized?,How has the proportion of replications evolved over time?,0.0275
5913,How can the threats to internal and external validity be mitigated in empirical studies of Requirements Engineering?,How has the proportion of replications evolved over time?,0.0250
5914,What are the best practices for designing and conducting action research in Requirements Engineering?,How has the the reporting of the population evolved over time?,0.0248
5915,What are the critical success factors for industry-academia research collaborations in Requirements Engineering?,How has the the reporting of the population evolved over time?,0.0214
5916,How can the threats to internal and external validity be mitigated in empirical studies of Requirements Engineering?,How has the definition of the population evolved over time?,0.0170
5917,What are the best practices for reporting empirical research findings in Requirements Engineering?,How has the definition of the population evolved over time?,0.0082
5918,What are the ethical considerations in conducting empirical research in Requirements Engineering?,How has the definition of the population evolved over time?,0.0063
5919,What are the guidelines for conducting high-quality empirical studies in Requirements Engineering?,How has the definition of the population evolved over time?,0.0061
5920,What are the common challenges encountered in conducting empirical case studies in Requirements Engineering?,How has the definition of the population evolved over time?,-0.0031
5921,How can industry feedback be systematically incorporated into empirical Requirements Engineering research?,How has the definition of the population evolved over time?,-0.0046
5922,What are the considerations for designing controlled experiments in Requirements Engineering?,How has the definition of the population evolved over time?,-0.0085
5923,What are the considerations for designing controlled experiments in Requirements Engineering?,How has the the reporting of the population evolved over time?,-0.0104
5924,Which empirical methods are most commonly deployed in industry-academia collaborations in Requirements Engineering?,How has the definition of the population evolved over time?,-0.0132
5925,What mechanisms exist to facilitate industry-academia collaboration in empirical Requirements Engineering research?,How has the definition of the population evolved over time?,-0.0268
5926,What are the best practices for conducting systematic reviews in empirical Requirements Engineering research?,How has the definition of the population evolved over time?,-0.0397
5927,What are the critical success factors for industry-academia research collaborations in Requirements Engineering?,How has the definition of the population evolved over time?,-0.0538
5928,What are the best practices for designing and conducting action research in Requirements Engineering?,How has the definition of the population evolved over time?,-0.0664
